[38;2;23;146;155;48;2;125;224;246m▄[38;2;4;89;91;48;2;107;211;227m▄[38;2;3;64;58;48;2;25;142;146m▄[38;2;15;63;55;48;2;6;73;71m▄[38;2;1;39;35;48;2;16;62;53m▄[38;2;6;40;32;48;2;1;43;27m▄[38;2;5;38;28;48;2;14;33;32m▄[38;2;9;37;28;48;2;4;38;27m▄[38;2;8;37;28;48;2;7;37;31m▄[38;2;6;38;30;48;2;4;38;31m▄[38;2;10;37;31;48;2;1;40;25m▄[38;2;6;38;26;48;2;10;36;32m▄[38;2;2;40;30;48;2;14;39;29m▄[38;2;3;40;26;48;2;6;37;28m▄[38;2;10;37;34;48;2;6;37;29m▄[38;2;8;36;28;48;2;6;39;31m▄[38;2;4;38;28;48;2;13;37;29m▄[38;2;7;37;31;48;2;5;36;25m▄[38;2;14;64;55;48;2;4;42;35m▄[38;2;14;77;77;48;2;1;53;48m▄[38;2;10;100;99;48;2;2;105;102m▄[38;2;0;46;43;48;2;80;192;203m▄[38;2;0;42;37;48;2;104;198;207m▄[38;2;40;94;92;48;2;8;93;88m▄[38;2;3;101;103;48;2;0;68;61m▄[38;2;16;145;154;48;2;0;67;62m▄[38;2;4;200;205;48;2;4;104;109m▄[38;2;56;198;212;48;2;7;162;170m▄[38;2;133;222;247;48;2;39;197;209m▄[38;2;95;202;224;48;2;119;215;239m▄[38;2;52;196;201;48;2;125;222;244m▄[38;2;15;147;149;48;2;57;190;201m▄[38;2;12;147;154;48;2;20;162;164m▄[38;2;19;167;174;48;2;4;151;164m▄[38;2;55;195;210;48;2;115;221;245m▄[38;2;33;168;179;48;2;84;211;224m▄[38;2;38;145;144;48;2;0;150;159m▄[38;2;13;77;72;48;2;26;130;131m▄[38;2;7;65;61;48;2;0;39;37m▄[38;2;46;137;140;48;2;1;41;27m▄[m
[38;2;11;63;50;48;2;3;80;79m▄[38;2;15;54;44;48;2;18;63;58m▄[38;2;6;39;32;48;2;7;51;36m▄[38;2;1;39;33;48;2;6;37;25m▄[38;2;10;63;56;48;2;7;38;28m▄[38;2;3;67;60;48;2;8;38;27m▄[38;2;24;59;56;48;2;11;36;32m▄[38;2;40;15;7;48;2;7;37;26m▄[38;2;43;10;17;48;2;6;38;33m▄[38;2;74;51;69;48;2;20;32;29m▄[38;2;198;209;225;48;2;27;23;30m▄[38;2;185;191;210;48;2;30;22;25m▄[38;2;2;27;47;48;2;19;26;28m▄[38;2;47;198;201;48;2;7;64;61m▄[38;2;39;133;133;48;2;42;61;66m▄[38;2;31;47;60;48;2;136;119;137m▄[38;2;105;113;133;48;2;102;90;108m▄[38;2;99;103;123;48;2;22;23;27m▄[38;2;26;29;32;48;2;0;40;34m▄[38;2;14;49;40;48;2;10;44;36m▄[38;2;30;96;93;48;2;5;54;46m▄[38;2;14;136;144;48;2;6;83;82m▄[38;2;100;185;192;48;2;62;117;123m▄[38;2;195;207;227;48;2;109;119;140m▄[38;2;55;60;87;48;2;51;143;151m▄[38;2;124;200;222;48;2;68;205;222m▄[38;2;159;216;241;48;2;105;218;240m▄[38;2;187;232;252;48;2;164;215;242m▄[38;2;190;230;246;48;2;184;232;252m▄[38;2;132;153;180;48;2;63;118;137m▄[38;2;163;179;200;48;2;19;79;91m▄[38;2;30;48;69;48;2;0;102;102m▄[38;2;40;95;98;48;2;4;109;109m▄[38;2;10;100;105;48;2;15;148;149m▄[38;2;0;102;102;48;2;14;135;140m▄[38;2;0;68;63;48;2;21;117;114m▄[38;2;21;94;94;48;2;1;64;58m▄[38;2;10;119;121;48;2;5;65;63m▄[38;2;62;194;203;48;2;42;153;163m▄[38;2;82;211;237;48;2;107;216;236m▄[m
[38;2;3;39;27;48;2;7;38;32m▄[38;2;4;47;40;48;2;6;38;31m▄[38;2;11;65;57;48;2;16;63;53m▄[38;2;11;90;88;48;2;12;64;61m▄[38;2;53;160;175;48;2;6;102;97m▄[38;2;117;143;165;48;2;97;185;196m▄[38;2;157;57;28;48;2;108;65;40m▄[38;2;239;165;88;48;2;237;163;106m▄[38;2;174;164;166;48;2;206;206;208m▄[38;2;101;87;106;48;2;122;136;152m▄[38;2;51;27;40;48;2;97;103;126m▄[38;2;29;126;125;48;2;53;85;99m▄[38;2;35;148;152;48;2;49;194;203m▄[38;2;0;90;90;48;2;0;151;158m▄[38;2;55;48;51;48;2;0;67;66m▄[38;2;98;53;59;48;2;33;57;57m▄[38;2;147;138;158;48;2;146;155;175m▄[38;2;129;125;134;48;2;61;72;95m▄[38;2;147;87;74;48;2;104;96;118m▄[38;2;153;40;22;48;2;52;22;39m▄[38;2;135;36;34;48;2;17;20;31m▄[38;2;70;4;21;48;2;25;92;96m▄[38;2;146;34;18;48;2;26;49;64m▄[38;2;197;69;22;48;2;163;181;196m▄[38;2;154;40;28;48;2;115;124;143m▄[38;2;46;17;31;48;2;4;24;46m▄[38;2;131;208;233;48;2;183;232;253m▄[38;2;130;217;242;48;2;194;229;252m▄[38;2;86;202;224;48;2;151;221;240m▄[38;2;31;175;183;48;2;91;194;218m▄[38;2;72;136;147;48;2;77;111;132m▄[38;2;208;207;225;48;2;63;72;92m▄[38;2;88;108;130;48;2;99;114;138m▄[38;2;156;138;140;48;2;39;47;69m▄[38;2;138;56;31;48;2;55;109;117m▄[38;2;115;144;170;48;2;58;192;199m▄[38;2;70;201;213;48;2;27;146;150m▄[38;2;25;146;154;48;2;14;119;121m▄[38;2;24;132;131;48;2;4;148;152m▄[38;2;4;95;98;48;2;0;147;153m▄[m
[38;2;9;38;34;48;2;12;38;26m▄[38;2;3;39;24;48;2;12;45;41m▄[38;2;3;43;37;48;2;4;65;58m▄[38;2;36;33;33;48;2;9;63;58m▄[38;2;141;69;60;48;2;67;82;91m▄[38;2;71;4;12;48;2;176;77;63m▄[38;2;158;48;35;48;2;172;55;22m▄[38;2;119;5;2;48;2;195;74;7m▄[38;2;226;100;58;48;2;229;130;60m▄[38;2;80;33;25;48;2;140;32;19m▄[38;2;25;62;57;48;2;43;11;17m▄[38;2;16;63;59;48;2;28;96;101m▄[38;2;28;22;24;48;2;6;64;65m▄[38;2;211;162;161;48;2;41;54;57m▄[38;2;205;111;100;48;2;118;51;56m▄[38;2;105;3;8;48;2;133;39;38m▄[38;2;173;53;19;48;2;123;31;25m▄[38;2;192;68;18;48;2;188;76;43m▄[38;2;227;113;43;48;2;111;3;0m▄[38;2;243;118;23;48;2;102;8;10m▄[38;2;244;119;22;48;2;186;73;35m▄[38;2;230;110;31;48;2;122;18;16m▄[38;2;181;59;31;48;2;106;4;20m▄[38;2;158;40;7;48;2;193;74;30m▄[38;2;244;134;47;48;2;195;72;20m▄[38;2;225;110;50;48;2;140;32;22m▄[38;2;58;5;12;48;2;102;120;135m▄[38;2;44;141;150;48;2;52;192;199m▄[38;2;17;163;166;48;2;0;150;152m▄[38;2;61;182;195;48;2;9;149;153m▄[38;2;79;25;16;48;2;76;84;77m▄[38;2;237;126;44;48;2;235;165;109m▄[38;2;233;137;43;48;2;206;202;182m▄[38;2;235;136;27;48;2;233;197;131m▄[38;2;224;109;28;48;2;201;107;35m▄[38;2;241;140;72;48;2;102;53;47m▄[38;2;79;60;46;48;2;90;211;226m▄[38;2;23;92;95;48;2;47;176;187m▄[38;2;12;63;58;48;2;15;98;97m▄[38;2;2;48;40;48;2;4;63;57m▄[m
[38;2;8;37;32;48;2;5;38;29m▄[38;2;7;37;31;48;2;8;37;27m▄[38;2;48;10;5;48;2;18;35;33m▄[38;2;119;26;25;48;2;135;64;52m▄[38;2;88;14;36;48;2;97;7;18m▄[38;2;133;37;46;48;2;68;0;4m▄[38;2;74;10;26;48;2;130;50;48m▄[38;2;96;9;14;48;2;68;0;2m▄[38;2;245;172;109;48;2;239;154;86m▄[38;2;26;27;27;48;2;31;19;21m▄[38;2;0;68;64;48;2;2;63;58m▄[38;2;35;94;99;48;2;1;65;59m▄[38;2;38;14;15;48;2;68;82;84m▄[38;2;137;40;28;48;2;218;139;139m▄[38;2;200;69;17;48;2;166;44;7m▄[38;2;157;27;0;48;2;199;68;14m▄[38;2;241;119;27;48;2;202;71;8m▄[38;2;234;117;56;48;2;246;121;29m▄[38;2;235;199;192;48;2;229;113;52m▄[38;2;170;133;146;48;2;230;116;43m▄[38;2;188;76;25;48;2;242;118;14m▄[38;2;244;119;31;48;2;238;119;31m▄[38;2;200;71;0;48;2;247;117;50m▄[38;2;235;120;32;48;2;108;15;0m▄[38;2;247;164;53;48;2;244;166;64m▄[38;2;248;160;83;48;2;252;158;68m▄[38;2;80;22;23;48;2;73;11;3m▄[38;2;81;193;211;48;2;32;172;178m▄[38;2;137;220;247;48;2;36;199;212m▄[38;2;187;230;246;48;2;95;203;220m▄[38;2;229;216;227;48;2;144;177;192m▄[38;2;253;160;89;48;2;148;43;18m▄[38;2;218;95;35;48;2;215;89;10m▄[38;2;228;119;74;48;2;237;117;56m▄[38;2;124;30;33;48;2;174;54;32m▄[38;2;111;2;0;48;2;232;124;42m▄[38;2;111;9;0;48;2;231;127;51m▄[38;2;165;107;77;48;2;56;32;20m▄[38;2;24;31;32;48;2;23;60;49m▄[38;2;8;38;28;48;2;7;38;27m▄[m
[38;2;22;62;54;48;2;6;37;30m▄[38;2;51;41;38;48;2;30;40;36m▄[38;2;165;81;74;48;2;117;48;44m▄[38;2;115;29;28;48;2;100;12;19m▄[38;2;101;10;9;48;2;126;38;49m▄[38;2;104;2;8;48;2;124;39;45m▄[38;2;169;50;14;48;2;121;27;26m▄[38;2;183;72;44;48;2;133;15;10m▄[38;2;177;69;38;48;2;233;123;71m▄[38;2;190;110;84;48;2;116;56;42m▄[38;2;51;90;95;48;2;46;119;127m▄[38;2;49;113;121;48;2;43;70;80m▄[38;2;83;20;27;48;2;218;151;138m▄[38;2;189;65;35;48;2;190;75;42m▄[38;2;165;42;10;48;2;173;59;29m▄[38;2;241;121;22;48;2;217;97;48m▄[38;2;240;119;40;48;2;243;119;21m▄[38;2;119;47;26;48;2;122;47;30m▄[38;2;221;241;254;48;2;227;240;251m▄[38;2;36;103;149;48;2;126;170;197m▄[38;2;50;67;105;48;2;68;44;73m▄[38;2;174;70;47;48;2;215;102;55m▄[38;2;237;120;47;48;2;226;96;23m▄[38;2;255;185;88;48;2;253;158;78m▄[38;2;190;103;43;48;2;228;141;47m▄[38;2;61;62;92;48;2;82;59;67m▄[38;2;28;51;80;48;2;27;56;85m▄[38;2;8;115;118;48;2;48;171;189m▄[38;2;84;208;230;48;2;125;212;238m▄[38;2;105;206;230;48;2;172;222;245m▄[38;2;79;27;8;48;2;124;96;93m▄[38;2;225;127;53;48;2;255;156;77m▄[38;2;138;36;21;48;2;184;63;9m▄[38;2;107;8;0;48;2;217;91;47m▄[38;2;200;68;26;48;2;174;59;32m▄[38;2;194;69;20;48;2;163;56;48m▄[38;2;193;72;36;48;2;117;19;35m▄[38;2;165;49;12;48;2;173;87;50m▄[38;2;236;161;111;48;2;42;14;4m▄[38;2;44;46;51;48;2;5;38;31m▄[m
[38;2;107;198;222;48;2;60;141;145m▄[38;2;90;30;22;48;2;91;27;22m▄[38;2;137;19;7;48;2;78;0;0m▄[38;2;159;48;19;48;2;162;38;11m▄[38;2;201;67;17;48;2;147;33;12m▄[38;2;164;52;31;48;2;153;28;3m▄[38;2;177;67;34;48;2;156;40;28m▄[38;2;246;175;72;48;2;219;122;68m▄[38;2;247;194;86;48;2;223;132;73m▄[38;2;250;157;63;48;2;163;71;55m▄[38;2;154;28;0;48;2;51;5;21m▄[38;2;150;54;32;48;2;50;20;32m▄[38;2;186;101;80;48;2;226;145;131m▄[38;2;196;70;8;48;2;194;77;32m▄[38;2;139;32;20;48;2;139;37;20m▄[38;2;214;85;17;48;2;154;34;0m▄[38;2;232;127;50;48;2;246;147;61m▄[38;2;240;137;28;48;2;223;119;63m▄[38;2;172;62;21;48;2;253;231;230m▄[38;2;199;150;146;48;2;220;243;253m▄[38;2;170;131;132;48;2;189;213;233m▄[38;2;155;79;43;48;2;93;51;66m▄[38;2;246;207;107;48;2;220;125;48m▄[38;2;251;231;125;48;2;254;225;117m▄[38;2;246;220;109;48;2;233;176;84m▄[38;2;239;165;92;48;2;130;41;28m▄[38;2;74;83;78;48;2;71;78;88m▄[38;2;7;124;125;48;2;0;99;103m▄[38;2;61;201;214;48;2;26;147;155m▄[38;2;90;94;97;48;2;58;96;104m▄[38;2;253;158;87;48;2;218;129;57m▄[38;2;157;30;0;48;2;190;80;1m▄[38;2;198;70;31;48;2;164;37;9m▄[38;2;185;56;23;48;2;155;29;0m▄[38;2;129;25;23;48;2;195;73;9m▄[38;2;65;47;57;48;2;200;70;33m▄[38;2;63;48;53;48;2;196;72;20m▄[38;2;166;58;35;48;2;198;68;29m▄[38;2;200;70;1;48;2;230;122;59m▄[38;2;87;16;10;48;2;72;12;12m▄[m
[38;2;0;72;69;48;2;45;144;154m▄[38;2;7;57;48;48;2;32;14;24m▄[38;2;17;70;69;48;2;60;87;91m▄[38;2;56;43;43;48;2;67;33;33m▄[38;2;180;74;64;48;2;188;73;45m▄[38;2;185;75;48;48;2;153;29;7m▄[38;2;237;133;49;48;2;218;112;34m▄[38;2;247;195;91;48;2;251;194;84m▄[38;2;236;181;82;48;2;244;169;64m▄[38;2;224;140;87;48;2;245;147;68m▄[38;2;94;13;29;48;2;110;4;0m▄[38;2;137;136;156;48;2;148;63;48m▄[38;2;74;33;19;48;2;68;0;1m▄[38;2;238;122;24;48;2;241;118;44m▄[38;2;221;121;65;48;2;159;42;7m▄[38;2;202;80;25;48;2;234;122;39m▄[38;2;243;146;57;48;2;176;80;26m▄[38;2;110;12;0;48;2;251;160;70m▄[38;2;154;70;20;48;2;251;193;90m▄[38;2;240;201;98;48;2;247;194;94m▄[38;2;251;230;124;48;2;253;227;134m▄[38;2;244;211;103;48;2;253;227;126m▄[38;2;190;111;22;48;2;247;232;122m▄[38;2;254;227;120;48;2;245;234;122m▄[38;2;251;230;124;48;2;250;232;119m▄[38;2;252;198;106;48;2;253;227;123m▄[38;2;114;52;18;48;2;76;43;20m▄[38;2;105;189;212;48;2;91;189;208m▄[38;2;65;67;72;48;2;162;214;239m▄[38;2;161;81;50;48;2;179;111;73m▄[38;2;210;134;87;48;2;229;119;63m▄[38;2;110;18;5;48;2;101;7;13m▄[38;2;190;85;29;48;2;61;1;9m▄[38;2;242;165;85;48;2;60;1;7m▄[38;2;207;124;59;48;2;46;7;18m▄[38;2;51;30;40;48;2;66;140;151m▄[38;2;36;145;146;48;2;23;147;150m▄[38;2;16;103;106;48;2;59;91;97m▄[38;2;57;10;13;48;2;181;76;49m▄[38;2;83;10;10;48;2;82;10;7m▄[m
[38;2;8;38;34;48;2;12;64;57m▄[38;2;5;47;38;48;2;5;39;27m▄[38;2;30;56;56;48;2;29;56;53m▄[38;2;41;11;25;48;2;140;61;47m▄[38;2;53;49;54;48;2;167;75;64m▄[38;2;179;77;57;48;2;187;72;40m▄[38;2;220;111;29;48;2;242;142;38m▄[38;2;239;167;52;48;2;252;192;85m▄[38;2;190;94;8;48;2;245;195;86m▄[38;2;139;31;1;48;2;249;173;86m▄[38;2;83;18;40;48;2;123;44;16m▄[38;2;183;118;119;48;2;160;160;186m▄[38;2;59;0;7;48;2;77;33;36m▄[38;2;218;124;84;48;2;237;123;48m▄[38;2;248;163;64;48;2;246;153;56m▄[38;2;123;49;22;48;2;107;11;1m▄[38;2;127;40;33;48;2;219;102;51m▄[38;2;190;70;28;48;2;236;155;92m▄[38;2;248;160;105;48;2;103;48;53m▄[38;2;81;18;26;48;2;144;67;46m▄[38;2;120;45;51;48;2;246;181;92m▄[38;2;200;100;71;48;2;192;114;20m▄[38;2;185;76;27;48;2;252;190;107m▄[38;2;193;71;36;48;2;245;188;96m▄[38;2;192;75;14;48;2;243;156;65m▄[38;2;191;74;11;48;2;251;187;98m▄[38;2;149;46;4;48;2;231;173;91m▄[38;2;224;104;62;48;2;132;30;18m▄[38;2;136;38;19;48;2;235;153;114m▄[38;2;167;123;95;48;2;183;110;69m▄[38;2;105;104;90;48;2;234;196;106m▄[38;2;227;241;249;48;2;240;230;172m▄[38;2;121;115;135;48;2;124;54;31m▄[38;2;174;80;51;48;2;235;156;71m▄[38;2;224;130;60;48;2;254;197;99m▄[38;2;233;165;100;48;2;173;88;53m▄[38;2;55;90;94;48;2;50;95;99m▄[38;2;14;85;85;48;2;3;99;99m▄[38;2;29;96;94;48;2;24;59;59m▄[38;2;21;97;100;48;2;35;85;82m▄[m
[38;2;21;62;51;48;2;2;40;25m▄[38;2;13;62;56;48;2;6;39;32m▄[38;2;9;64;53;48;2;7;38;33m▄[38;2;0;39;33;48;2;9;73;66m▄[38;2;7;40;34;48;2;36;94;96m▄[38;2;60;88;92;48;2;78;27;26m▄[38;2;95;44;31;48;2;207;82;17m▄[38;2;221;127;65;48;2;251;162;68m▄[38;2;222;133;59;48;2;247;164;63m▄[38;2;134;34;32;48;2;203;84;38m▄[38;2;187;73;44;48;2;106;6;3m▄[38;2;243;118;26;48;2;188;70;33m▄[38;2;242;118;39;48;2;147;47;28m▄[38;2;200;71;15;48;2;120;23;18m▄[38;2;172;58;12;48;2;179;86;42m▄[38;2;249;160;84;48;2;181;90;44m▄[38;2;174;110;110;48;2;213;140;135m▄[38;2;251;190;190;48;2;178;85;74m▄[38;2;175;77;61;48;2;194;74;10m▄[38;2;215;89;22;48;2;197;94;51m▄[38;2;108;3;7;48;2;177;51;58m▄[38;2;156;59;67;48;2;152;33;53m▄[38;2;124;44;47;48;2;128;71;81m▄[38;2;69;0;0;48;2;61;0;13m▄[38;2;210;97;44;48;2;114;54;64m▄[38;2;254;160;63;48;2;121;46;35m▄[38;2;253;163;66;48;2;146;48;30m▄[38;2;152;52;6;48;2;131;34;32m▄[38;2;252;162;64;48;2;154;67;55m▄[38;2;240;138;31;48;2;198;111;70m▄[38;2;171;83;54;48;2;155;120;96m▄[38;2;165;180;201;48;2;197;209;230m▄[38;2;96;85;98;48;2;104;100;119m▄[38;2;244;192;127;48;2;218;152;86m▄[38;2;231;143;54;48;2;252;188;91m▄[38;2;124;45;29;48;2;184;105;66m▄[38;2;23;31;34;48;2;47;69;74m▄[38;2;0;40;33;48;2;8;63;58m▄[38;2;4;39;28;48;2;16;63;56m▄[38;2;5;39;27;48;2;3;52;45m▄[m
[38;2;112;212;235;48;2;15;64;62m▄[38;2;78;164;177;48;2;24;113;115m▄[38;2;54;14;19;48;2;68;138;142m▄[38;2;156;63;47;48;2;23;18;28m▄[38;2;115;39;25;48;2;45;53;60m▄[38;2;156;46;22;48;2;213;153;158m▄[38;2;184;85;66;48;2;81;45;57m▄[38;2;105;36;43;48;2;134;172;194m▄[38;2;126;76;87;48;2;118;180;194m▄[38;2;74;150;160;48;2;43;9;28m▄[38;2;119;210;230;48;2;67;0;10m▄[38;2;101;66;65;48;2;179;52;13m▄[38;2;178;56;35;48;2;243;117;25m▄[38;2;153;26;13;48;2;242;118;25m▄[38;2;154;52;42;48;2;240;120;21m▄[38;2;221;178;176;48;2;106;14;0m▄[38;2;238;217;207;48;2;251;219;217m▄[38;2;238;194;181;48;2;244;232;222m▄[38;2;223;166;149;48;2;237;191;187m▄[38;2;201;148;149;48;2;133;36;18m▄[38;2;132;57;64;48;2;228;122;77m▄[38;2;132;56;68;48;2;180;73;44m▄[38;2;137;51;55;48;2;168;77;66m▄[38;2;204;119;103;48;2;205;122;124m▄[38;2;171;86;80;48;2;152;70;59m▄[38;2;161;55;22;48;2;239;119;51m▄[38;2;241;116;32;48;2;240;125;23m▄[38;2;229;103;22;48;2;236;124;13m▄[38;2;196;85;31;48;2;252;165;58m▄[38;2;239;139;59;48;2;248;164;66m▄[38;2;116;16;6;48;2;100;14;0m▄[38;2;140;35;11;48;2;82;29;30m▄[38;2;222;125;52;48;2;218;140;72m▄[38;2;221;106;49;48;2;255;159;65m▄[38;2;74;39;36;48;2;167;55;14m▄[38;2;23;62;63;48;2;41;15;23m▄[38;2;4;77;73;48;2;16;61;56m▄[38;2;17;97;93;48;2;7;63;55m▄[38;2;33;112;122;48;2;13;61;55m▄[38;2;4;103;109;48;2;5;42;37m▄[m
[38;2;0;74;76;48;2;107;204;223m▄[38;2;58;124;125;48;2;77;36;34m▄[38;2;120;167;189;48;2;228;119;74m▄[38;2;67;98;107;48;2;239;119;54m▄[38;2;72;11;16;48;2;243;117;37m▄[38;2;165;49;20;48;2;244;120;40m▄[38;2;222;95;21;48;2;200;71;4m▄[38;2;237;107;42;48;2;186;75;44m▄[38;2;177;67;26;48;2;178;98;98m▄[38;2;191;113;114;48;2;67;51;68m▄[38;2;206;134;97;48;2;192;229;244m▄[38;2;252;229;117;48;2;73;27;31m▄[38;2;251;221;113;48;2;57;6;6m▄[38;2;249;191;70;48;2;52;7;5m▄[38;2;235;149;72;48;2;103;37;38m▄[38;2;158;68;39;48;2;253;229;220m▄[38;2;232;178;168;48;2;237;208;199m▄[38;2;237;187;173;48;2;235;194;184m▄[38;2;247;215;200;48;2;235;197;189m▄[38;2;230;167;154;48;2;243;194;184m▄[38;2;202;111;97;48;2;220;153;140m▄[38;2;229;161;148;48;2;230;148;134m▄[38;2;242;179;164;48;2;226;152;130m▄[38;2;220;135;120;48;2;225;148;135m▄[38;2;199;113;102;48;2;228;146;145m▄[38;2;91;13;28;48;2;104;7;5m▄[38;2;75;8;9;48;2;197;69;10m▄[38;2;60;7;25;48;2;174;66;48m▄[38;2;58;25;42;48;2;172;76;64m▄[38;2;73;124;133;48;2;145;30;18m▄[38;2;77;154;170;48;2;140;34;25m▄[38;2;64;184;196;48;2;83;17;27m▄[38;2;31;196;204;48;2;42;10;22m▄[38;2;16;164;172;48;2;21;20;27m▄[38;2;9;110;112;48;2;18;98;94m▄[38;2;0;102;104;48;2;9;100;94m▄[38;2;60;193;202;48;2;19;145;152m▄[38;2;56;185;196;48;2;92;205;220m▄[38;2;11;120;124;48;2;98;206;231m▄[38;2;0;76;70;48;2;12;153;158m▄[m
[38;2;16;62;58;48;2;0;67;59m▄[38;2;5;76;79;48;2;57;162;173m▄[38;2;7;100;103;48;2;127;224;245m▄[38;2;1;66;65;48;2;44;158;170m▄[38;2;12;64;61;48;2;12;103;103m▄[38;2;47;92;93;48;2;22;20;22m▄[38;2;109;37;28;48;2;159;53;23m▄[38;2;196;75;2;48;2;243;118;23m▄[38;2;240;117;51;48;2;206;79;7m▄[38;2;129;18;10;48;2;181;63;34m▄[38;2;234;124;34;48;2;254;186;98m▄[38;2;247;196;88;48;2;246;215;107m▄[38;2;233;197;127;48;2;254;227;121m▄[38;2;196;208;214;48;2;224;188;110m▄[38;2;114;69;43;48;2;223;136;70m▄[38;2;210;128;80;48;2;178;79;43m▄[38;2;170;176;190;48;2;73;76;89m▄[38;2;115;96;111;48;2;234;224;226m▄[38;2;226;149;131;48;2;236;187;178m▄[38;2;218;129;121;48;2;216;129;112m▄[38;2;180;108;107;48;2;194;102;89m▄[38;2;74;38;50;48;2;181;96;87m▄[38;2;189;105;99;48;2;242;182;170m▄[38;2;193;101;91;48;2;220;142;133m▄[38;2;115;23;34;48;2;161;83;78m▄[38;2;192;72;32;48;2;68;27;35m▄[38;2;253;158;64;48;2;52;26;12m▄[38;2;246;200;91;48;2;227;136;55m▄[38;2;250;193;83;48;2;243;166;68m▄[38;2;171;71;26;48;2;157;134;120m▄[38;2;161;191;213;48;2;115;207;227m▄[38;2;105;203;231;48;2;49;193;210m▄[38;2;45;195;209;48;2;0;201;207m▄[38;2;28;145;155;48;2;41;196;202m▄[38;2;35;134;134;48;2;8;113;117m▄[38;2;41;146;146;48;2;0;102;104m▄[38;2;2;118;120;48;2;37;144;145m▄[38;2;0;100;101;48;2;4;89;89m▄[38;2;15;99;93;48;2;12;62;59m▄[38;2;11;62;57;48;2;12;64;57m▄[m
[38;2;15;63;57;48;2;2;64;53m▄[38;2;4;65;59;48;2;13;64;56m▄[38;2;3;63;63;48;2;12;63;56m▄[38;2;2;94;95;48;2;12;64;55m▄[38;2;3;100;105;48;2;15;62;56m▄[38;2;0;68;67;48;2;15;79;74m▄[38;2;35;38;44;48;2;55;48;54m▄[38;2;185;75;50;48;2;182;77;23m▄[38;2;230;113;53;48;2;239;120;43m▄[38;2;80;4;3;48;2;101;13;7m▄[38;2;198;69;18;48;2;217;93;24m▄[38;2;220;124;74;48;2;243;162;55m▄[38;2;102;107;108;48;2;143;125;89m▄[38;2;58;74;92;48;2;139;153;173m▄[38;2;135;144;164;48;2;119;106;110m▄[38;2;199;207;229;48;2;90;88;93m▄[38;2;73;79;101;48;2;113;125;142m▄[38;2;136;145;165;48;2;202;208;229m▄[38;2;154;116;123;48;2;187;145;140m▄[38;2;111;103;121;48;2;186;135;131m▄[38;2;134;144;164;48;2;147;147;159m▄[38;2;88;80;90;48;2;84;81;89m▄[38;2;164;86;85;48;2;159;83;85m▄[38;2;194;105;97;48;2;134;52;53m▄[38;2;120;38;39;48;2;117;32;43m▄[38;2;246;161;87;48;2;232;148;71m▄[38;2;242;166;55;48;2;250;163;54m▄[38;2;250;165;55;48;2;244;179;70m▄[38;2;203;133;86;48;2;237;142;41m▄[38;2;176;172;183;48;2;150;66;43m▄[38;2;58;73;87;48;2;162;163;175m▄[38;2;32;17;43;48;2;127;131;147m▄[38;2;83;86;104;48;2;30;46;64m▄[38;2;64;70;98;48;2;140;155;167m▄[38;2;147;159;184;48;2;135;140;156m▄[38;2;26;49;64;48;2;18;51;71m▄[38;2;59;140;140;48;2;33;146;149m▄[38;2;25;82;85;48;2;18;121;121m▄[38;2;20;61;61;48;2;11;80;76m▄[38;2;30;93;89;48;2;4;64;59m▄[m
[38;2;25;98;91;48;2;5;61;63m▄[38;2;11;115;117;48;2;4;102;98m▄[38;2;58;193;208;48;2;27;146;151m▄[38;2;109;219;245;48;2;82;209;222m▄[38;2;73;207;223;48;2;79;215;232m▄[38;2;4;136;143;48;2;23;148;147m▄[38;2;14;99;102;48;2;29;78;84m▄[38;2;46;8;10;48;2;93;14;9m▄[38;2;188;67;37;48;2;193;74;30m▄[38;2;146;39;32;48;2;79;5;5m▄[38;2;136;38;37;48;2;151;28;0m▄[38;2;101;29;34;48;2;118;52;44m▄[38;2;163;154;148;48;2;169;177;201m▄[38;2;95;103;123;48;2;65;67;90m▄[38;2;195;152;104;48;2;147;149;171m▄[38;2;160;121;74;48;2;136;145;166m▄[38;2;144;115;93;48;2;59;70;94m▄[38;2;169;117;74;48;2;95;104;129m▄[38;2;158;105;74;48;2;103;104;126m▄[38;2;85;96;113;48;2;62;70;94m▄[38;2;145;157;176;48;2;135;143;168m▄[38;2;130;76;84;48;2;75;65;77m▄[38;2;199;100;89;48;2;141;65;65m▄[38;2;181;89;82;48;2;125;44;53m▄[38;2;116;36;43;48;2;124;36;48m▄[38;2;218;105;51;48;2;233;122;49m▄[38;2;213;97;32;48;2;253;161;54m▄[38;2;187;93;36;48;2;237;145;71m▄[38;2;220;142;62;48;2;125;96;99m▄[38;2;150;122;95;48;2;58;74;95m▄[38;2;173;112;80;48;2;133;143;165m▄[38;2;162;85;69;48;2;134;146;159m▄[38;2;136;94;102;48;2;63;71;95m▄[38;2;65;61;77;48;2;132;143;167m▄[38;2;73;83;105;48;2;113;119;140m▄[38;2;114;116;138;48;2;167;176;196m▄[38;2;25;22;33;48;2;205;204;218m▄[38;2;14;36;28;48;2;30;22;30m▄[38;2;3;39;28;48;2;0;41;35m▄[38;2;16;59;52;48;2;23;94;87m▄[m
[38;2;7;72;74;48;2;24;96;97m▄[38;2;8;101;100;48;2;11;117;115m▄[38;2;4;111;110;48;2;0;150;156m▄[38;2;7;110;112;48;2;45;194;204m▄[38;2;0;102;104;48;2;71;190;200m▄[38;2;7;71;69;48;2;4;100;96m▄[38;2;20;74;75;48;2;13;82;81m▄[38;2;64;72;74;48;2;47;6;18m▄[38;2;129;26;36;48;2;149;33;9m▄[38;2;117;21;24;48;2;160;72;55m▄[38;2;110;14;18;48;2;137;37;33m▄[38;2;92;19;20;48;2;95;17;18m▄[38;2;242;167;85;48;2;247;191;119m▄[38;2;254;160;60;48;2;248;189;100m▄[38;2;242;168;59;48;2;246;205;95m▄[38;2;240;184;74;48;2;254;230;127m▄[38;2;240;205;95;48;2;251;229;119m▄[38;2;244;202;92;48;2;253;227;113m▄[38;2;233;186;69;48;2;244;193;93m▄[38;2;229;138;49;48;2;240;165;81m▄[38;2;251;156;101;48;2;214;127;80m▄[38;2;168;81;80;48;2;138;53;57m▄[38;2;200;98;92;48;2;149;60;56m▄[38;2;131;47;54;48;2;121;44;48m▄[38;2;135;45;38;48;2;124;33;44m▄[38;2;120;22;7;48;2;185;73;57m▄[38;2;252;221;132;48;2;242;175;121m▄[38;2;245;198;89;48;2;255;227;119m▄[38;2;239;167;61;48;2;248;194;82m▄[38;2;247;164;53;48;2;248;182;82m▄[38;2;251;161;49;48;2;255;220;117m▄[38;2;238;132;12;48;2;227;129;36m▄[38;2;219;95;38;48;2;199;69;7m▄[38;2;137;35;27;48;2;127;42;35m▄[38;2;48;35;45;48;2;135;129;155m▄[38;2;22;57;52;48;2;20;18;29m▄[38;2;6;39;29;48;2;8;37;32m▄[38;2;8;36;31;48;2;8;37;27m▄[38;2;3;63;57;48;2;1;41;33m▄[38;2;25;91;87;48;2;6;65;58m▄[m
[38;2;14;63;54;48;2;0;66;57m▄[38;2;14;62;60;48;2;7;98;92m▄[38;2;0;67;63;48;2;25;97;101m▄[38;2;2;65;59;48;2;5;97;93m▄[38;2;18;63;59;48;2;30;95;91m▄[38;2;35;143;143;48;2;1;68;67m▄[38;2;71;199;214;48;2;14;125;129m▄[38;2;123;225;248;48;2;54;148;156m▄[38;2;94;187;207;48;2;99;41;58m▄[38;2;56;11;14;48;2;97;9;28m▄[38;2;94;12;24;48;2;60;1;20m▄[38;2;68;10;27;48;2;64;12;28m▄[38;2;187;77;24;48;2;249;158;88m▄[38;2;201;72;0;48;2;238;120;2m▄[38;2;238;120;35;48;2;251;159;48m▄[38;2;201;105;58;48;2;246;165;52m▄[38;2;196;104;73;48;2;248;165;59m▄[38;2;252;159;77;48;2;249;166;58m▄[38;2;233;124;29;48;2;252;163;61m▄[38;2;150;30;6;48;2;224;95;31m▄[38;2;99;8;14;48;2;225;116;78m▄[38;2;145;56;58;48;2;116;40;50m▄[38;2;147;62;72;48;2;118;49;51m▄[38;2;136;30;33;48;2;142;59;68m▄[38;2;117;23;17;48;2;120;19;27m▄[38;2;254;226;141;48;2;134;59;7m▄[38;2;234;175;70;48;2;254;224;109m▄[38;2;237;122;23;48;2;246;164;54m▄[38;2;236;147;109;48;2;247;159;55m▄[38;2;235;149;110;48;2;253;158;56m▄[38;2;239;120;51;48;2;236;123;17m▄[38;2;241;117;37;48;2;245;119;14m▄[38;2;165;57;44;48;2;210;94;45m▄[38;2;62;86;92;48;2;70;24;28m▄[38;2;18;97;103;48;2;15;68;61m▄[38;2;26;95;91;48;2;0;64;59m▄[38;2;21;63;57;48;2;5;64;54m▄[38;2;5;49;43;48;2;6;50;41m▄[38;2;19;98;92;48;2;14;63;61m▄[38;2;0;103;102;48;2;16;93;89m▄[m
[38;2;8;62;55;48;2;4;65;58m▄[38;2;11;56;47;48;2;11;64;57m▄[38;2;6;39;31;48;2;7;50;42m▄[38;2;4;37;31;48;2;8;49;41m▄[38;2;0;42;34;48;2;0;66;57m▄[38;2;14;98;98;48;2;12;122;123m▄[38;2;8;100;99;48;2;41;171;182m▄[38;2;7;100;100;48;2;51;174;187m▄[38;2;30;99;97;48;2;15;126;129m▄[38;2;2;65;62;48;2;37;88;92m▄[38;2;25;59;62;48;2;68;30;29m▄[38;2;17;46;41;48;2;74;8;20m▄[38;2;48;7;2;48;2;135;37;24m▄[38;2;148;31;2;48;2;155;28;0m▄[38;2;151;39;22;48;2;171;63;38m▄[38;2;159;56;59;48;2;185;90;75m▄[38;2;152;62;60;48;2;168;70;62m▄[38;2;161;57;47;48;2;175;62;36m▄[38;2;148;31;3;48;2;177;43;6m▄[38;2;134;59;53;48;2;155;40;16m▄[38;2;149;192;219;48;2;64;0;5m▄[38;2;146;218;239;48;2;96;35;54m▄[38;2;85;213;229;48;2;93;110;133m▄[38;2;54;142;153;48;2;72;27;32m▄[38;2;35;13;31;48;2;114;25;24m▄[38;2;214;127;82;48;2;240;179;96m▄[38;2;200;81;4;48;2;222;133;30m▄[38;2;194;76;44;48;2;228;124;59m▄[38;2;214;119;107;48;2;225;149;136m▄[38;2;196;103;90;48;2;216;142;127m▄[38;2;202;98;86;48;2;225;132;102m▄[38;2;43;10;17;48;2;171;47;10m▄[38;2;124;214;229;48;2;70;50;53m▄[38;2;29;146;144;48;2;51;143;151m▄[38;2;14;99;99;48;2;0;102;101m▄[38;2;7;61;59;48;2;22;96;92m▄[38;2;0;41;34;48;2;0;39;34m▄[38;2;8;77;71;48;2;7;72;63m▄[38;2;0;106;109;48;2;9;99;102m▄[38;2;74;210;225;48;2;45;167;176m▄[m
[38;2;12;37;30;48;2;2;39;32m▄[38;2;8;37;27;48;2;3;40;29m▄[38;2;7;38;28;48;2;7;37;26m▄[38;2;6;38;30;48;2;7;37;29m▄[38;2;3;39;32;48;2;0;37;30m▄[38;2;14;64;56;48;2;0;64;58m▄[38;2;13;63;56;48;2;0;65;60m▄[38;2;14;55;49;48;2;0;63;58m▄[38;2;5;41;30;48;2;16;65;57m▄[38;2;5;38;30;48;2;17;59;50m▄[38;2;5;37;24;48;2;3;38;29m▄[38;2;9;42;37;48;2;8;40;31m▄[38;2;1;48;42;48;2;11;35;23m▄[38;2;26;60;58;48;2;46;12;10m▄[38;2;26;31;34;48;2;112;10;20m▄[38;2;30;28;37;48;2;146;28;22m▄[38;2;36;50;62;48;2;144;31;17m▄[38;2;25;82;92;48;2;135;33;33m▄[38;2;49;194;206;48;2;53;4;17m▄[38;2;17;177;178;48;2;76;159;168m▄[38;2;15;137;143;48;2;65;194;204m▄[38;2;11;116;114;48;2;23;146;159m▄[38;2;17;87;88;48;2;2;148;155m▄[38;2;4;76;74;48;2;16;147;149m▄[38;2;16;105;100;48;2;12;90;91m▄[38;2;4;76;73;48;2;50;51;51m▄[38;2;26;86;77;48;2;90;13;23m▄[38;2;35;41;52;48;2;158;38;5m▄[38;2;32;41;53;48;2;191;74;33m▄[38;2;33;41;50;48;2;189;72;40m▄[38;2;39;130;130;48;2;40;14;17m▄[38;2;17;134;135;48;2;72;192;211m▄[38;2;14;96;97;48;2;22;135;142m▄[38;2;11;65;63;48;2;0;102;99m▄[38;2;10;59;49;48;2;5;73;75m▄[38;2;1;38;28;48;2;14;62;56m▄[38;2;7;37;27;48;2;4;38;29m▄[38;2;12;64;58;48;2;0;51;46m▄[38;2;8;99;101;48;2;42;144;146m▄[38;2;30;135;145;48;2;2;150;157m▄[m
[38;2;10;64;55;48;2;1;40;32m▄[38;2;16;61;54;48;2;4;40;30m▄[38;2;0;39;30;48;2;5;38;29m▄[38;2;6;37;27;48;2;5;39;30m▄[38;2;7;37;30;48;2;8;39;31m▄[38;2;7;38;30;48;2;4;39;32m▄[38;2;6;38;31;48;2;5;38;30m▄[38;2;2;39;31;48;2;6;38;30m▄[38;2;12;59;49;48;2;6;38;32m▄[38;2;10;64;56;48;2;5;38;30m▄[38;2;22;91;86;48;2;17;61;56m▄[38;2;25;113;114;48;2;15;63;57m▄[38;2;54;177;182;48;2;0;65;57m▄[38;2;90;205;227;48;2;9;100;99m▄[38;2;115;217;241;48;2;5;102;106m▄[38;2;53;184;196;48;2;0;68;65m▄[38;2;10;108;107;48;2;0;67;64m▄[38;2;1;65;59;48;2;1;102;104m▄[38;2;0;66;59;48;2;34;145;145m▄[38;2;16;91;91;48;2;8;88;84m▄[38;2;12;99;100;48;2;0;66;59m▄[38;2;14;94;91;48;2;1;63;61m▄[38;2;0;67;67;48;2;22;100;97m▄[38;2;52;186;190;48;2;17;147;148m▄[38;2;61;202;219;48;2;4;149;156m▄[38;2;121;221;246;48;2;42;143;156m▄[38;2;56;187;200;48;2;0;72;69m▄[38;2;31;131;132;48;2;0;66;61m▄[38;2;27;85;83;48;2;13;97;96m▄[38;2;5;47;39;48;2;18;98;93m▄[38;2;6;37;32;48;2;23;94;95m▄[38;2;6;38;29;48;2;6;67;63m▄[38;2;7;38;30;48;2;0;40;26m▄[38;2;6;38;30;48;2;8;37;31m▄[38;2;5;38;30;48;2;4;38;26m▄[38;2;13;59;52;48;2;9;34;30m▄[38;2;23;91;87;48;2;19;61;54m▄[38;2;12;116;117;48;2;1;79;78m▄[38;2;47;196;205;48;2;31;144;153m▄[38;2;42;200;216;48;2;126;221;244m▄[m
