[48;2;0;0;0m       [38;2;41;37;52;48;2;68;67;72m▄[38;2;46;42;67;48;2;77;77;85m▄[38;2;136;131;161;48;2;137;135;148m▄[38;2;137;137;163;48;2;145;144;158m▄[38;2;135;137;149;48;2;147;147;159m▄[38;2;138;140;139;48;2;150;150;162m▄[38;2;138;138;138;48;2;150;149;165m▄[38;2;167;166;172;48;2;175;173;194m▄[38;2;175;173;195;48;2;177;176;192m▄[38;2;180;178;200;48;2;169;168;186m▄[38;2;161;159;181;48;2;151;150;166m▄[38;2;35;33;55;48;2;67;65;86m▄[38;2;37;36;54;48;2;65;64;80m▄[38;2;29;28;44;48;2;63;62;78m▄[38;2;50;49;55;48;2;42;41;46m▄[48;2;0;0;0m       [m
[48;2;0;0;0m     [38;2;45;43;56;48;2;66;65;73m▄[38;2;32;29;50;48;2;46;43;60m▄[38;2;114;107;138;48;2;101;95;121m▄[38;2;115;104;146;48;2;109;98;140m▄[38;2;111;105;153;48;2;113;107;153m▄[38;2;82;84;123;48;2;83;83;119m▄[38;2;35;43;54;48;2;32;39;47m▄[38;2;145;155;144;48;2;150;158;144m▄[38;2;232;234;223;48;2;230;232;218m▄[38;2;126;120;124;48;2;128;127;122m▄[38;2;108;104;131;48;2;115;113;137m▄[38;2;136;131;161;48;2;134;132;156m▄[38;2;136;131;161;48;2;143;140;167m▄[38;2;179;174;204;48;2;173;171;195m▄[38;2;183;180;207;48;2;172;170;192m▄[38;2;180;178;202;48;2;174;176;196m▄[38;2;112;111;129;48;2;111;110;126m▄[38;2;46;44;65;48;2;39;38;55m▄[38;2;11;11;11;48;2;14;14;14m▄[48;2;0;0;0m     [m
[48;2;0;0;0m     [38;2;56;52;71;48;2;50;48;62m▄[38;2;45;41;68;48;2;37;33;60m▄[38;2;115;111;138;48;2;110;103;133m▄[38;2;120;117;136;48;2;115;108;139m▄[38;2;137;134;165;48;2;129;127;164m▄[38;2;143;142;174;48;2;145;148;183m▄[38;2;164;164;192;48;2;181;188;206m▄[38;2;128;128;152;48;2;134;139;145m▄[38;2;114;110;140;48;2;112;110;121m▄[38;2;116;109;150;48;2;108;102;128m▄[38;2;123;118;148;48;2;111;106;136m▄[38;2;125;120;150;48;2;108;103;133m▄[38;2;122;117;147;48;2;115;110;140m▄[38;2;137;132;162;48;2;143;138;168m▄[38;2;149;144;174;48;2;151;146;176m▄[38;2;181;176;206;48;2;185;182;209m▄[38;2;178;175;202;48;2;179;177;201m▄[38;2;183;180;207;48;2;173;171;195m▄[38;2;69;65;88;48;2;66;64;78m▄[38;2;27;24;41;48;2;33;31;45m▄[48;2;0;0;0m    [m
[48;2;0;0;0m   [38;2;94;92;103;48;2;82;81;87m▄[38;2;28;25;44;48;2;26;24;38m▄[38;2;113;109;136;48;2;119;115;138m▄[38;2;101;96;128;48;2;117;112;142m▄[38;2;127;125;162;48;2;134;130;163m▄[38;2;136;135;177;48;2;139;138;169m▄[38;2;139;135;172;48;2;138;135;166m▄[38;2;129;123;159;48;2;126;123;154m▄[38;2;112;106;144;48;2;102;96;130m▄[38;2;107;100;141;48;2;106;100;136m▄[38;2;104;103;137;48;2;112;106;142m▄[38;2;130;131;159;48;2;131;131;167m▄[38;2;145;140;170;48;2;137;132;162m▄[38;2;170;166;193;48;2;186;181;211m▄[38;2;172;167;197;48;2;173;168;198m▄[48;2;135;130;160m [38;2;151;146;176;48;2;147;142;172m▄[38;2;177;172;202;48;2;180;175;205m▄[38;2;181;178;209;48;2;184;179;209m▄▄[38;2;63;59;86;48;2;60;56;81m▄[38;2;30;26;49;48;2;27;24;45m▄[48;2;0;0;0m    [m
[48;2;0;0;0m   [38;2;86;84;93;48;2;89;88;96m▄[38;2;31;28;47;48;2;28;25;44m▄[38;2;120;118;142;48;2;127;122;150m▄[38;2;134;129;159;48;2;138;134;167m▄[38;2;194;191;218;48;2;184;181;212m▄[38;2;188;191;210;48;2;172;172;196m▄[38;2;196;199;214;48;2;184;185;203m▄[38;2;177;178;196;48;2;161;162;182m▄[38;2;140;140;167;48;2;140;139;170m▄[38;2;118;116;153;48;2;119;117;157m▄[38;2;118;114;151;48;2;94;92;131m▄[38;2;155;152;183;48;2;167;166;200m▄[38;2;158;154;181;48;2;183;180;207m▄[38;2;51;46;76;48;2;34;31;60m▄[38;2;53;50;81;48;2;38;33;63m▄[38;2;112;107;137;48;2;108;103;133m▄[38;2;113;109;142;48;2;115;110;140m▄[38;2;130;126;159;48;2;136;132;165m▄[38;2;130;126;161;48;2;137;133;166m▄[38;2;131;127;162;48;2;138;134;167m▄[48;2;46;41;71m [38;2;30;26;49;48;2;36;32;55m▄[48;2;0;0;0m    [m
[48;2;0;0;0m   [38;2;84;82;93;48;2;85;84;92m▄[38;2;34;31;52;48;2;32;29;48m▄[38;2;104;101;128;48;2;104;102;126m▄[38;2;106;106;134;48;2;108;106;130m▄[38;2;177;177;201;48;2;219;221;242m▄[38;2;184;188;197;48;2;225;228;243m▄[38;2;247;253;253;48;2;247;251;254m▄[38;2;229;233;242;48;2;226;228;240m▄[38;2;199;201;214;48;2;181;182;203m▄[38;2;195;196;216;48;2;158;155;186m▄[38;2;187;185;206;48;2;142;139;170m▄[38;2;132;130;151;48;2;115;111;138m▄[38;2;120;117;144;48;2;106;101;131m▄[38;2;126;123;150;48;2;115;110;140m▄[38;2;123;120;149;48;2;108;103;133m▄[38;2;108;105;134;48;2;88;84;117m▄[38;2;116;113;144;48;2;93;89;122m▄[38;2;140;139;171;48;2;110;104;140m▄[38;2;137;136;168;48;2;109;105;140m▄[38;2;138;137;171;48;2;106;100;136m▄[38;2;59;54;84;48;2;51;46;76m▄[38;2;32;28;53;48;2;35;31;54m▄[38;2;34;33;38;48;2;0;0;0m▄[38;2;36;36;38;48;2;0;0;0m▄[48;2;0;0;0m  [m
[48;2;0;0;0m [38;2;100;100;100;48;2;0;0;0m▄[38;2;92;91;98;48;2;0;0;0m▄[38;2;52;49;66;48;2;84;82;93m▄[38;2;27;24;51;48;2;32;29;58m▄[38;2;90;89;123;48;2;109;106;137m▄[38;2;92;92;126;48;2;107;106;138m▄[38;2;114;115;143;48;2;128;129;157m▄[38;2;121;124;141;48;2;148;152;161m▄[38;2;172;175;191;48;2;246;251;254m▄[38;2;182;186;198;48;2;237;242;246m▄[38;2;212;219;225;48;2;216;220;229m▄[38;2;232;240;243;48;2;233;235;247m▄[38;2;242;250;252;48;2;252;253;255m▄[38;2;190;198;201;48;2;154;157;166m▄[38;2;183;190;201;48;2;129;131;152m▄[38;2;202;209;219;48;2;132;134;155m▄[38;2;202;206;217;48;2;130;132;153m▄[38;2;189;193;205;48;2;130;130;154m▄[38;2;194;196;211;48;2;144;144;168m▄[38;2;226;225;239;48;2;182;182;208m▄[38;2;153;152;170;48;2;180;177;204m▄[38;2;81;78;97;48;2;186;182;209m▄[38;2;77;72;102;48;2;64;59;89m▄[38;2;85;80;110;48;2;33;29;56m▄[38;2;100;95;125;48;2;26;21;43m▄[38;2;103;99;124;48;2;36;32;49m▄[38;2;85;83;97;48;2;0;0;0m▄[38;2;70;69;75;48;2;0;0;0m▄[m
[38;2;65;62;79;48;2;0;0;0m▄[38;2;91;88;107;48;2;106;105;111m▄[38;2;118;114;137;48;2;30;28;41m▄[38;2;125;121;150;48;2;34;31;52m▄[38;2;123;118;150;48;2;31;26;56m▄[38;2;51;48;79;48;2;69;68;100m▄[38;2;39;39;66;48;2;84;85;115m▄[38;2;89;89;117;48;2;107;108;136m▄[38;2;92;92;128;48;2;107;108;136m▄[38;2;116;117;148;48;2;126;128;153m▄[38;2;124;126;151;48;2;158;163;183m▄[38;2;144;149;168;48;2;216;224;234m▄[38;2;202;211;218;48;2;234;245;247m▄[38;2;245;253;255;48;2;238;249;248m▄[38;2;225;234;237;48;2;214;225;227m▄[38;2;213;225;225;48;2;213;224;226m▄[38;2;244;254;255;48;2;241;252;254m▄[38;2;240;248;251;48;2;239;247;252m▄[38;2;216;221;225;48;2;213;218;224m▄[38;2;225;230;236;48;2;224;228;237m▄[38;2;247;248;252;48;2;246;245;251m▄[38;2;137;139;146;48;2;137;135;146m▄[38;2;27;28;33;48;2;32;29;40m▄[38;2;111;107;134;48;2;95;90;122m▄[38;2;131;126;156;48;2;103;98;128m▄[38;2;128;122;156;48;2;140;134;167m▄[38;2;136;131;163;48;2;131;127;156m▄[38;2;96;92;119;48;2;23;19;44m▄[38;2;120;117;138;48;2;66;63;82m▄[m
[38;2;109;105;132;48;2;32;28;53m▄[38;2;108;101;132;48;2;72;68;95m▄[38;2;105;97;134;48;2;139;133;167m▄[38;2;126;120;158;48;2;137;131;167m▄[38;2;134;128;166;48;2;146;140;176m▄[38;2;126;122;155;48;2;46;43;74m▄[38;2;129;125;155;48;2;33;30;57m▄[38;2;37;34;63;48;2;80;80;108m▄[38;2;44;43;75;48;2;82;82;118m▄[38;2;107;106;137;48;2;107;108;138m▄[38;2;106;105;135;48;2;116;118;144m▄[38;2;111;111;139;48;2;129;131;154m▄[38;2;125;125;149;48;2;195;198;215m▄[38;2;135;135;159;48;2;245;248;253m▄[38;2;139;140;164;48;2;228;232;241m▄[38;2;138;141;160;48;2;216;223;231m▄[38;2;141;144;163;48;2;244;249;255m▄[38;2;146;149;168;48;2;240;244;253m▄[38;2;179;182;200;48;2;220;224;233m▄[38;2;176;177;197;48;2;226;228;240m▄[38;2;178;179;199;48;2;248;248;253m▄[38;2;157;155;176;48;2;131;133;145m▄[38;2;131;129;150;48;2;27;27;39m▄[38;2;57;50;81;48;2;111;107;132m▄[38;2;46;41;73;48;2;139;134;166m▄[38;2;105;97;134;48;2;141;135;171m▄[38;2;106;99;130;48;2;131;126;158m▄[38;2;33;30;51;48;2;114;110;135m▄[38;2;66;64;78;48;2;119;115;132m▄[m
[38;2;28;24;51;48;2;105;100;130m▄[38;2;31;27;54;48;2;99;94;126m▄[38;2;25;21;48;48;2;109;103;137m▄[38;2;86;81;113;48;2;127;119;156m▄[38;2;122;115;148;48;2;125;117;154m▄[38;2;139;133;169;48;2;138;132;168m▄[38;2;137;131;167;48;2;138;134;167m▄[38;2;142;138;171;48;2;42;39;70m▄[38;2;127;123;158;48;2;44;43;75m▄[38;2;80;76;109;48;2;106;105;136m▄[38;2;91;87;120;48;2;107;106;137m▄[38;2;113;110;141;48;2;106;105;136m▄[38;2;114;111;140;48;2;119;118;149m▄[38;2;109;106;133;48;2;128;127;158m▄[38;2;84;81;108;48;2;129;128;159m▄[38;2;88;84;119;48;2;132;133;161m▄[38;2;90;86;121;48;2;128;129;157m▄[38;2;84;80;115;48;2;135;135;163m▄[38;2;83;79;114;48;2;169;169;197m▄[38;2;91;85;121;48;2;173;170;199m▄[38;2;114;109;143;48;2;179;176;205m▄[38;2;69;63;99;48;2;148;143;173m▄[38;2;22;18;51;48;2;131;128;157m▄[38;2;103;98;130;48;2;65;59;93m▄[38;2;105;100;132;48;2;33;27;61m▄[38;2;33;28;58;48;2;98;92;126m▄[38;2;43;40;61;48;2;96;92;117m▄[38;2;0;0;0;48;2;41;38;55m▄[38;2;0;0;0;48;2;81;80;88m▄[m
[38;2;0;0;0;48;2;68;65;82m▄[38;2;0;0;0;48;2;59;56;75m▄[38;2;0;0;0;48;2;65;62;81m▄[38;2;78;76;87;48;2;76;72;95m▄[38;2;32;30;44;48;2;103;99;126m▄[38;2;110;106;129;48;2;130;125;155m▄[38;2;110;105;135;48;2;131;126;158m▄[38;2;138;132;168;48;2;132;126;162m▄[38;2;134;128;166;48;2;131;125;163m▄[38;2;107;101;137;48;2;91;85;123m▄[38;2;108;100;137;48;2;98;92;128m▄[38;2;105;99;133;48;2;107;102;134m▄[38;2;123;117;151;48;2;112;108;135m▄[38;2;143;138;170;48;2;114;110;137m▄[38;2;142;137;169;48;2;103;99;126m▄[38;2;130;124;160;48;2;100;92;129m▄[38;2;179;173;209;48;2;106;98;135m▄[38;2;186;180;214;48;2;106;98;135m▄[38;2;185;179;213;48;2;108;100;137m▄[38;2;146;140;174;48;2;103;95;132m▄[38;2;27;21;55;48;2;95;89;125m▄[38;2;54;49;81;48;2;64;56;93m▄[38;2;90;85;117;48;2;43;35;72m▄[38;2;25;22;43;48;2;100;96;123m▄[38;2;24;21;42;48;2;96;92;119m▄[38;2;0;0;0;48;2;72;69;90m▄[38;2;0;0;0;48;2;68;66;79m▄[48;2;0;0;0m  [m
[48;2;0;0;0m   [38;2;0;0;0;48;2;122;121;127m▄[38;2;0;0;0;48;2;97;95;108m▄[38;2;56;40;51;48;2;83;80;101m▄[38;2;44;21;41;48;2;91;85;113m▄[38;2;102;74;99;48;2;114;109;141m▄[38;2;103;73;107;48;2;116;108;145m▄[38;2;110;79;111;48;2;99;91;128m▄[38;2;107;76;107;48;2;99;93;129m▄[38;2;104;81;109;48;2;101;95;133m▄[38;2;108;92;118;48;2;113;107;145m▄[38;2;121;101;128;48;2;126;120;158m▄[38;2;148;124;156;48;2;138;132;170m▄[38;2;151;128;154;48;2;144;136;173m▄[38;2;158;130;153;48;2;164;158;192m▄[38;2;159;128;146;48;2;167;162;194m▄[38;2;158;125;142;48;2;170;165;197m▄[38;2;153;125;139;48;2;138;133;165m▄[38;2;148;128;139;48;2;72;67;99m▄[38;2;105;93;103;48;2;73;68;98m▄[38;2;35;30;37;48;2;67;62;92m▄[38;2;11;11;11;48;2;89;85;102m▄[38;2;0;0;0;48;2;85;83;97m▄[48;2;0;0;0m    [m
[48;2;0;0;0m     [38;2;58;30;29;48;2;63;37;40m▄[38;2;68;17;23;48;2;50;9;17m▄[38;2;121;55;62;48;2;116;56;68m▄[38;2;124;41;49;48;2;128;50;63m▄[38;2;127;42;55;48;2;129;49;62m▄[38;2;121;37;52;48;2;127;47;60m▄[38;2;125;43;57;48;2;126;53;62m▄[38;2;129;43;52;48;2;133;62;70m▄[38;2;141;41;49;48;2;135;58;68m▄[38;2;147;31;41;48;2;139;53;66m▄[38;2;138;34;21;48;2;143;70;81m▄[38;2;145;37;27;48;2;145;67;80m▄[38;2;150;36;36;48;2;154;67;83m▄[38;2;171;58;62;48;2;174;82;97m▄[38;2;158;51;61;48;2;166;73;94m▄[38;2;124;30;46;48;2;148;60;84m▄[38;2;97;20;40;48;2;116;31;60m▄[38;2;76;9;27;48;2;74;0;25m▄[38;2;12;12;12;48;2;11;11;11m▄[48;2;0;0;0m     [m
[48;2;0;0;0m       [38;2;38;27;43;48;2;58;20;35m▄[38;2;47;33;58;48;2;71;32;53m▄[38;2;118;103;134;48;2;124;84;110m▄[38;2;123;111;147;48;2;133;94;123m▄[38;2;139;127;163;48;2;150;111;138m▄[38;2;147;128;156;48;2;159;111;135m▄[38;2;167;125;149;48;2;170;102;123m▄[38;2;117;59;81;48;2;136;55;74m▄[38;2;139;28;44;48;2;160;24;24m▄[38;2;169;63;77;48;2;177;43;44m▄[38;2;159;58;76;48;2;172;43;48m▄[38;2;154;67;84;48;2;168;55;61m▄[38;2;137;74;91;48;2;152;61;70m▄[38;2;132;96;110;48;2;143;82;89m▄[38;2;75;63;75;48;2;86;51;57m▄[38;2;26;28;40;48;2;46;27;33m▄[38;2;14;12;13;48;2;11;11;11m▄[48;2;0;0;0m     [m
[48;2;0;0;0m       [38;2;51;51;61;48;2;33;33;45m▄[38;2;59;48;78;48;2;45;30;59m▄[38;2;97;90;124;48;2;94;84;118m▄[38;2;92;92;130;48;2;88;84;121m▄[38;2;88;98;134;48;2;89;87;124m▄[38;2;98;107;138;48;2;110;104;132m▄[38;2;114;112;134;48;2;124;98;123m▄[38;2;68;55;73;48;2;69;30;49m▄[38;2;43;39;62;48;2;54;21;38m▄[38;2;98;93;116;48;2;104;70;87m▄[38;2;104;94;119;48;2;110;75;95m▄[38;2;126;112;137;48;2;128;94;118m▄[38;2;110;90;118;48;2;106;76;100m▄[38;2;51;28;56;48;2;44;25;45m▄[38;2;92;78;93;48;2;33;31;36m▄[48;2;0;0;0m       [m
