[38;5;23;48;5;23m▄[38;5;24;48;5;24m▄[38;5;24;48;5;23m▄▄[38;5;24;48;5;24m▄[38;5;25;48;5;24m▄[38;5;25;48;5;67m▄[38;5;31;48;5;67m▄[38;5;31;48;5;24m▄[38;5;25;48;5;31m▄[38;5;67;48;5;68m▄[38;5;74;48;5;74m▄[38;5;67;48;5;68m▄[38;5;109;48;5;74m▄[38;5;251;48;5;23m▄[38;5;60;48;5;24m▄[38;5;81;48;5;74m▄[38;5;74;48;5;74m▄[38;5;111;48;5;111m▄[38;5;67;48;5;74m▄[38;5;189;48;5;24m▄[38;5;235;48;5;15m▄[38;5;238;48;5;61m▄[38;5;68;48;5;17m▄[38;5;111;48;5;67m▄[38;5;68;48;5;111m▄[38;5;60;48;5;111m▄[38;5;4;48;5;17m▄[38;5;234;48;5;232m▄[38;5;24;48;5;17m▄[38;5;74;48;5;67m▄[38;5;68;48;5;24m▄[38;5;31;48;5;25m▄[38;5;25;48;5;24m▄[38;5;24;48;5;24m▄▄[38;5;24;48;5;23m▄[38;5;23;48;5;24m▄▄[38;5;23;48;5;23m▄[m
[38;5;23;48;5;23m▄[38;5;25;48;5;23m▄[38;5;24;48;5;24m▄[38;5;67;48;5;24m▄[38;5;24;48;5;24m▄[38;5;31;48;5;31m▄[38;5;67;48;5;31m▄[38;5;75;48;5;31m▄[38;5;68;48;5;68m▄[38;5;74;48;5;31m▄[38;5;255;48;5;67m▄[38;5;15;48;5;240m▄[38;5;250;48;5;15m▄[38;5;239;48;5;249m▄[38;5;117;48;5;60m▄[38;5;117;48;5;74m▄[38;5;74;48;5;74m▄[38;5;74;48;5;117m▄[38;5;153;48;5;24m▄[38;5;117;48;5;17m▄[38;5;67;48;5;17m▄[38;5;104;48;5;17m▄[38;5;232;48;5;67m▄[38;5;74;48;5;153m▄[38;5;233;48;5;236m▄[38;5;235;48;5;189m▄[38;5;232;48;5;17m▄[38;5;233;48;5;111m▄[38;5;236;48;5;153m▄[38;5;237;48;5;117m▄[38;5;111;48;5;74m▄[38;5;74;48;5;68m▄[38;5;67;48;5;68m▄[38;5;25;48;5;74m▄[38;5;24;48;5;31m▄[38;5;24;48;5;24m▄▄[38;5;23;48;5;24m▄▄[38;5;23;48;5;23m▄[m
[38;5;24;48;5;23m▄▄[38;5;25;48;5;25m▄[38;5;25;48;5;31m▄[38;5;67;48;5;67m▄[38;5;31;48;5;31m▄[38;5;31;48;5;74m▄[38;5;81;48;5;68m▄[38;5;60;48;5;74m▄[38;5;15;48;5;60m▄[38;5;15;48;5;15m▄[38;5;251;48;5;254m▄[38;5;60;48;5;253m▄[38;5;81;48;5;67m▄[38;5;74;48;5;75m▄[38;5;111;48;5;117m▄[38;5;24;48;5;117m▄[38;5;61;48;5;111m▄[38;5;15;48;5;110m▄[38;5;60;48;5;61m▄[38;5;232;48;5;103m▄[38;5;52;48;5;17m▄[38;5;131;48;5;233m▄[38;5;236;48;5;233m▄[38;5;103;48;5;232m▄[38;5;233;48;5;236m▄[38;5;52;48;5;233m▄[38;5;131;48;5;94m▄[38;5;94;48;5;94m▄[38;5;52;48;5;130m▄[38;5;130;48;5;52m▄[38;5;95;48;5;74m▄[38;5;73;48;5;117m▄[38;5;117;48;5;68m▄[38;5;74;48;5;25m▄[38;5;67;48;5;24m▄[38;5;24;48;5;24m▄[38;5;23;48;5;24m▄[38;5;24;48;5;23m▄[38;5;23;48;5;23m▄[m
[38;5;24;48;5;23m▄[38;5;23;48;5;24m▄[38;5;24;48;5;25m▄[38;5;31;48;5;67m▄[38;5;67;48;5;74m▄[38;5;75;48;5;68m▄[38;5;74;48;5;31m▄[38;5;60;48;5;24m▄[38;5;15;48;5;246m▄[38;5;189;48;5;239m▄[38;5;253;48;5;145m▄[38;5;67;48;5;249m▄[38;5;117;48;5;67m▄[38;5;153;48;5;117m▄[38;5;103;48;5;111m▄[38;5;104;48;5;24m▄[38;5;254;48;5;60m▄[38;5;254;48;5;239m▄[38;5;234;48;5;17m▄[38;5;138;48;5;95m▄[38;5;138;48;5;180m▄[38;5;233;48;5;95m▄[38;5;234;48;5;233m▄[38;5;235;48;5;17m▄[38;5;153;48;5;232m▄[38;5;117;48;5;233m▄[38;5;74;48;5;232m▄[38;5;233;48;5;52m▄[38;5;52;48;5;52m▄[38;5;52;48;5;88m▄[38;5;130;48;5;1m▄[38;5;1;48;5;130m▄[38;5;234;48;5;234m▄[38;5;74;48;5;32m▄[38;5;68;48;5;67m▄[38;5;24;48;5;25m▄▄[38;5;24;48;5;67m▄[38;5;24;48;5;24m▄[38;5;23;48;5;23m▄[m
[38;5;25;48;5;24m▄[38;5;24;48;5;67m▄[38;5;67;48;5;67m▄[38;5;68;48;5;67m▄▄[38;5;68;48;5;31m▄[38;5;239;48;5;67m▄[38;5;15;48;5;15m▄[38;5;252;48;5;255m▄[38;5;66;48;5;241m▄[38;5;102;48;5;254m▄[38;5;74;48;5;67m▄[38;5;153;48;5;111m▄[38;5;66;48;5;24m▄[38;5;252;48;5;251m▄[38;5;187;48;5;60m▄[38;5;246;48;5;233m▄[38;5;7;48;5;246m▄[38;5;232;48;5;232m▄[38;5;233;48;5;232m▄[38;5;247;48;5;232m▄[38;5;242;48;5;234m▄[38;5;17;48;5;242m▄[38;5;17;48;5;234m▄[38;5;233;48;5;232m▄[38;5;243;48;5;117m▄[38;5;187;48;5;238m▄[38;5;240;48;5;153m▄[38;5;67;48;5;239m▄[38;5;232;48;5;52m▄[38;5;1;48;5;88m▄[38;5;130;48;5;1m▄[38;5;232;48;5;61m▄[38;5;74;48;5;74m▄[38;5;68;48;5;24m▄[38;5;25;48;5;25m▄[38;5;24;48;5;67m▄[38;5;24;48;5;24m▄[38;5;24;48;5;23m▄[38;5;23;48;5;23m▄[m
[38;5;25;48;5;31m▄[38;5;67;48;5;25m▄[38;5;31;48;5;24m▄[38;5;67;48;5;31m▄[38;5;67;48;5;74m▄[38;5;31;48;5;117m▄[38;5;238;48;5;238m▄[38;5;15;48;5;15m▄[38;5;145;48;5;145m▄[38;5;146;48;5;146m▄[38;5;238;48;5;239m▄[38;5;153;48;5;117m▄[38;5;153;48;5;110m▄[38;5;236;48;5;144m▄[38;5;65;48;5;144m▄[38;5;144;48;5;58m▄[38;5;232;48;5;186m▄[38;5;103;48;5;246m▄[38;5;187;48;5;108m▄[38;5;186;48;5;251m▄[38;5;17;48;5;236m▄[38;5;17;48;5;54m▄[38;5;247;48;5;17m▄[38;5;255;48;5;17m▄[38;5;234;48;5;237m▄[38;5;232;48;5;187m▄[38;5;17;48;5;237m▄[38;5;232;48;5;144m▄[38;5;74;48;5;60m▄[38;5;233;48;5;233m▄[38;5;52;48;5;88m▄[38;5;130;48;5;130m▄[38;5;232;48;5;232m▄[38;5;238;48;5;74m▄▄[38;5;230;48;5;73m▄[38;5;24;48;5;67m▄[38;5;24;48;5;61m▄[38;5;24;48;5;23m▄[38;5;23;48;5;23m▄[m
[38;5;67;48;5;24m▄[38;5;24;48;5;25m▄[38;5;24;48;5;67m▄[38;5;67;48;5;67m▄[38;5;31;48;5;74m▄[38;5;74;48;5;68m▄[38;5;239;48;5;238m▄[38;5;15;48;5;15m▄[38;5;145;48;5;145m▄[38;5;146;48;5;249m▄[38;5;239;48;5;238m▄[38;5;153;48;5;117m▄[38;5;111;48;5;117m▄[38;5;153;48;5;152m▄[38;5;195;48;5;241m▄[38;5;195;48;5;240m▄[38;5;116;48;5;117m▄[38;5;103;48;5;195m▄[38;5;236;48;5;242m▄[38;5;186;48;5;143m▄[38;5;247;48;5;243m▄[38;5;234;48;5;144m▄[38;5;236;48;5;245m▄[38;5;255;48;5;236m▄[38;5;249;48;5;236m▄[38;5;187;48;5;239m▄[38;5;230;48;5;239m▄[38;5;229;48;5;242m▄[38;5;150;48;5;66m▄[38;5;107;48;5;233m▄[38;5;143;48;5;235m▄[38;5;143;48;5;240m▄[38;5;241;48;5;101m▄[38;5;232;48;5;193m▄[38;5;24;48;5;246m▄[38;5;25;48;5;239m▄[38;5;68;48;5;31m▄[38;5;67;48;5;24m▄[38;5;24;48;5;24m▄[38;5;23;48;5;23m▄[m
[38;5;25;48;5;25m▄[38;5;25;48;5;67m▄[38;5;67;48;5;67m▄[38;5;31;48;5;67m▄[38;5;74;48;5;67m▄[38;5;68;48;5;31m▄[38;5;67;48;5;60m▄[38;5;109;48;5;15m▄[38;5;15;48;5;15m▄[38;5;254;48;5;60m▄[38;5;145;48;5;103m▄[38;5;67;48;5;67m▄[38;5;195;48;5;195m▄[38;5;153;48;5;111m▄[38;5;110;48;5;117m▄[38;5;242;48;5;152m▄[38;5;248;48;5;65m▄[38;5;8;48;5;187m▄[38;5;60;48;5;238m▄[38;5;145;48;5;187m▄[38;5;102;48;5;253m▄[38;5;248;48;5;254m▄[38;5;240;48;5;150m▄[38;5;250;48;5;238m▄[38;5;236;48;5;254m▄[38;5;101;48;5;188m▄[38;5;150;48;5;234m▄[38;5;187;48;5;144m▄[38;5;101;48;5;58m▄[38;5;235;48;5;232m▄[38;5;235;48;5;233m▄[38;5;130;48;5;234m▄[38;5;167;48;5;234m▄[38;5;61;48;5;68m▄[38;5;31;48;5;74m▄[38;5;25;48;5;74m▄[38;5;31;48;5;67m▄[38;5;25;48;5;23m▄[38;5;23;48;5;24m▄▄[m
[38;5;24;48;5;67m▄[38;5;25;48;5;67m▄[38;5;67;48;5;25m▄[38;5;68;48;5;67m▄[38;5;31;48;5;67m▄[38;5;31;48;5;75m▄[38;5;74;48;5;74m▄[38;5;75;48;5;67m▄[38;5;67;48;5;109m▄[38;5;251;48;5;15m▄[38;5;241;48;5;60m▄[38;5;145;48;5;60m▄[38;5;60;48;5;153m▄[38;5;138;48;5;110m▄[38;5;131;48;5;239m▄[38;5;240;48;5;249m▄[38;5;17;48;5;17m▄[38;5;236;48;5;17m▄[38;5;247;48;5;234m▄[38;5;240;48;5;234m▄[38;5;237;48;5;234m▄[38;5;239;48;5;237m▄[38;5;143;48;5;59m▄[38;5;17;48;5;17m▄[38;5;249;48;5;17m▄[38;5;193;48;5;101m▄[38;5;251;48;5;234m▄[38;5;110;48;5;232m▄[38;5;117;48;5;110m▄[38;5;117;48;5;117m▄[38;5;74;48;5;232m▄[38;5;239;48;5;94m▄[38;5;233;48;5;130m▄[38;5;233;48;5;232m▄[38;5;236;48;5;67m▄[38;5;25;48;5;74m▄[38;5;25;48;5;24m▄[38;5;24;48;5;23m▄▄[38;5;23;48;5;23m▄[m
[38;5;25;48;5;24m▄[38;5;67;48;5;24m▄[38;5;31;48;5;31m▄[38;5;24;48;5;74m▄[38;5;68;48;5;74m▄[38;5;75;48;5;68m▄[38;5;111;48;5;31m▄[38;5;74;48;5;117m▄[38;5;74;48;5;116m▄[38;5;238;48;5;238m▄[38;5;59;48;5;241m▄[38;5;60;48;5;66m▄[38;5;195;48;5;153m▄[38;5;232;48;5;95m▄[38;5;17;48;5;246m▄[38;5;54;48;5;17m▄[38;5;144;48;5;235m▄[38;5;236;48;5;144m▄[38;5;17;48;5;237m▄[38;5;17;48;5;17m▄▄[38;5;234;48;5;17m▄[38;5;232;48;5;233m▄[38;5;61;48;5;17m▄[38;5;104;48;5;17m▄[38;5;17;48;5;235m▄[38;5;54;48;5;251m▄[38;5;111;48;5;153m▄[38;5;117;48;5;153m▄[38;5;153;48;5;117m▄[38;5;74;48;5;81m▄[38;5;74;48;5;74m▄▄[38;5;74;48;5;67m▄▄[38;5;67;48;5;67m▄[38;5;67;48;5;24m▄[38;5;67;48;5;23m▄[38;5;24;48;5;24m▄[38;5;23;48;5;24m▄[m
[38;5;67;48;5;24m▄[38;5;24;48;5;25m▄[38;5;25;48;5;67m▄[38;5;67;48;5;67m▄▄[38;5;67;48;5;68m▄[38;5;31;48;5;74m▄[38;5;74;48;5;117m▄[38;5;60;48;5;75m▄[38;5;245;48;5;240m▄[38;5;103;48;5;60m▄[38;5;240;48;5;243m▄[38;5;235;48;5;240m▄[38;5;0;48;5;232m▄[38;5;239;48;5;60m▄[38;5;153;48;5;232m▄[38;5;59;48;5;3m▄[38;5;101;48;5;17m▄[38;5;255;48;5;17m▄[38;5;17;48;5;17m▄[38;5;250;48;5;235m▄[38;5;234;48;5;241m▄[38;5;109;48;5;60m▄[38;5;253;48;5;109m▄[38;5;234;48;5;60m▄[38;5;234;48;5;17m▄[38;5;17;48;5;4m▄[38;5;0;48;5;238m▄[38;5;153;48;5;153m▄[38;5;117;48;5;153m▄[38;5;153;48;5;74m▄[38;5;74;48;5;68m▄[38;5;31;48;5;68m▄[38;5;74;48;5;81m▄[38;5;67;48;5;68m▄[38;5;67;48;5;67m▄[38;5;25;48;5;25m▄[38;5;24;48;5;31m▄[38;5;67;48;5;67m▄[38;5;67;48;5;25m▄[m
[38;5;24;48;5;25m▄[38;5;25;48;5;67m▄[38;5;67;48;5;67m▄[38;5;67;48;5;25m▄[38;5;67;48;5;67m▄[38;5;60;48;5;75m▄[38;5;74;48;5;74m▄[38;5;232;48;5;67m▄[38;5;236;48;5;239m▄[38;5;236;48;5;60m▄[38;5;180;48;5;249m▄[38;5;95;48;5;247m▄[38;5;232;48;5;237m▄[38;5;195;48;5;0m▄[38;5;195;48;5;241m▄[38;5;153;48;5;195m▄[38;5;8;48;5;233m▄[38;5;255;48;5;230m▄[38;5;254;48;5;15m▄[38;5;230;48;5;188m▄[38;5;187;48;5;254m▄[38;5;187;48;5;234m▄[38;5;247;48;5;232m▄[38;5;245;48;5;255m▄[38;5;238;48;5;143m▄[38;5;101;48;5;107m▄[38;5;143;48;5;255m▄[38;5;143;48;5;232m▄[38;5;66;48;5;110m▄[38;5;153;48;5;153m▄[38;5;110;48;5;31m▄[38;5;74;48;5;74m▄[38;5;67;48;5;117m▄[38;5;73;48;5;81m▄[38;5;117;48;5;74m▄[38;5;74;48;5;31m▄[38;5;68;48;5;74m▄[38;5;74;48;5;31m▄[38;5;68;48;5;24m▄[38;5;67;48;5;31m▄[m
[38;5;24;48;5;24m▄[38;5;23;48;5;24m▄[38;5;24;48;5;24m▄[38;5;67;48;5;67m▄▄[38;5;236;48;5;137m▄[38;5;95;48;5;235m▄[38;5;95;48;5;60m▄[38;5;239;48;5;236m▄[38;5;67;48;5;237m▄[38;5;17;48;5;233m▄[38;5;232;48;5;234m▄[38;5;17;48;5;104m▄[38;5;17;48;5;153m▄[38;5;60;48;5;153m▄[38;5;54;48;5;17m▄[38;5;17;48;5;254m▄[38;5;232;48;5;236m▄[38;5;15;48;5;237m▄[38;5;237;48;5;7m▄[38;5;17;48;5;236m▄[38;5;54;48;5;234m▄[38;5;61;48;5;236m▄[38;5;54;48;5;60m▄[38;5;230;48;5;187m▄[38;5;242;48;5;235m▄[38;5;234;48;5;229m▄[38;5;237;48;5;229m▄[38;5;187;48;5;101m▄[38;5;229;48;5;232m▄[38;5;242;48;5;73m▄[38;5;15;48;5;66m▄[38;5;15;48;5;59m▄[38;5;237;48;5;237m▄[38;5;117;48;5;153m▄[38;5;74;48;5;117m▄[38;5;24;48;5;68m▄[38;5;68;48;5;31m▄[38;5;111;48;5;25m▄[38;5;67;48;5;25m▄[m
[38;5;23;48;5;24m▄[38;5;24;48;5;23m▄▄[38;5;23;48;5;24m▄[38;5;24;48;5;61m▄[38;5;24;48;5;67m▄[38;5;67;48;5;235m▄[38;5;31;48;5;235m▄[38;5;67;48;5;74m▄[38;5;117;48;5;74m▄[38;5;17;48;5;104m▄[38;5;235;48;5;103m▄[38;5;236;48;5;232m▄[38;5;0;48;5;232m▄[38;5;232;48;5;232m▄[38;5;234;48;5;232m▄[38;5;110;48;5;232m▄[38;5;237;48;5;234m▄[38;5;144;48;5;15m▄[38;5;236;48;5;236m▄[38;5;55;48;5;18m▄[38;5;104;48;5;61m▄[38;5;103;48;5;61m▄[38;5;104;48;5;60m▄[38;5;236;48;5;187m▄[38;5;234;48;5;17m▄[38;5;234;48;5;238m▄[38;5;234;48;5;239m▄[38;5;17;48;5;17m▄[38;5;230;48;5;229m▄[38;5;152;48;5;187m▄[38;5;66;48;5;188m▄[38;5;230;48;5;15m▄[38;5;73;48;5;237m▄[38;5;68;48;5;111m▄[38;5;74;48;5;117m▄[38;5;74;48;5;25m▄[38;5;31;48;5;24m▄[38;5;67;48;5;67m▄[38;5;67;48;5;74m▄[m
[38;5;24;48;5;23m▄[38;5;23;48;5;23m▄[38;5;24;48;5;24m▄[38;5;24;48;5;67m▄[38;5;67;48;5;31m▄[38;5;67;48;5;67m▄[38;5;31;48;5;31m▄[38;5;74;48;5;75m▄[38;5;75;48;5;68m▄[38;5;67;48;5;31m▄[38;5;235;48;5;232m▄[38;5;131;48;5;95m▄[38;5;233;48;5;232m▄[38;5;117;48;5;153m▄[38;5;195;48;5;153m▄[38;5;153;48;5;153m▄[38;5;233;48;5;195m▄[38;5;60;48;5;238m▄[38;5;17;48;5;239m▄[38;5;151;48;5;145m▄[38;5;252;48;5;104m▄[38;5;246;48;5;147m▄[38;5;145;48;5;239m▄[38;5;61;48;5;104m▄[38;5;245;48;5;234m▄[38;5;238;48;5;236m▄[38;5;235;48;5;17m▄[38;5;17;48;5;17m▄[38;5;102;48;5;60m▄[38;5;186;48;5;229m▄[38;5;233;48;5;152m▄[38;5;117;48;5;247m▄[38;5;117;48;5;235m▄[38;5;31;48;5;67m▄[38;5;68;48;5;74m▄[38;5;67;48;5;25m▄[38;5;24;48;5;75m▄[38;5;67;48;5;75m▄[38;5;74;48;5;31m▄[38;5;25;48;5;25m▄[m
[38;5;24;48;5;23m▄[38;5;23;48;5;24m▄[38;5;24;48;5;25m▄[38;5;31;48;5;67m▄[38;5;67;48;5;25m▄[38;5;67;48;5;74m▄[38;5;68;48;5;111m▄[38;5;74;48;5;25m▄[38;5;75;48;5;74m▄[38;5;110;48;5;74m▄[38;5;236;48;5;180m▄[38;5;109;48;5;235m▄[38;5;117;48;5;195m▄[38;5;239;48;5;111m▄[38;5;17;48;5;67m▄[38;5;17;48;5;232m▄[38;5;17;48;5;17m▄[38;5;235;48;5;255m▄[38;5;255;48;5;249m▄[38;5;8;48;5;4m▄[38;5;144;48;5;144m▄[38;5;242;48;5;187m▄[38;5;187;48;5;61m▄[38;5;249;48;5;61m▄[38;5;238;48;5;246m▄[38;5;59;48;5;103m▄[38;5;240;48;5;144m▄[38;5;145;48;5;17m▄[38;5;101;48;5;187m▄[38;5;239;48;5;237m▄[38;5;195;48;5;110m▄[38;5;117;48;5;68m▄[38;5;68;48;5;25m▄[38;5;25;48;5;74m▄[38;5;25;48;5;111m▄[38;5;74;48;5;67m▄[38;5;24;48;5;23m▄▄[38;5;24;48;5;67m▄[38;5;24;48;5;25m▄[m
[38;5;23;48;5;24m▄[38;5;24;48;5;23m▄[38;5;31;48;5;31m▄[38;5;67;48;5;24m▄[38;5;25;48;5;67m▄[38;5;68;48;5;31m▄[38;5;31;48;5;74m▄[38;5;81;48;5;81m▄[38;5;117;48;5;117m▄[38;5;73;48;5;111m▄[38;5;144;48;5;110m▄[38;5;232;48;5;153m▄[38;5;234;48;5;110m▄[38;5;0;48;5;234m▄[38;5;232;48;5;17m▄[38;5;232;48;5;234m▄[38;5;234;48;5;232m▄[38;5;195;48;5;232m▄[38;5;237;48;5;15m▄[38;5;238;48;5;249m▄[38;5;252;48;5;252m▄[38;5;240;48;5;103m▄[38;5;229;48;5;250m▄[38;5;246;48;5;188m▄[38;5;144;48;5;234m▄[38;5;240;48;5;240m▄[38;5;230;48;5;17m▄[38;5;107;48;5;144m▄[38;5;60;48;5;23m▄[38;5;74;48;5;67m▄[38;5;81;48;5;153m▄[38;5;68;48;5;117m▄[38;5;117;48;5;111m▄[38;5;24;48;5;24m▄[38;5;31;48;5;24m▄[38;5;24;48;5;67m▄[38;5;24;48;5;24m▄▄▄[38;5;23;48;5;23m▄[m
[38;5;23;48;5;24m▄[38;5;24;48;5;23m▄[38;5;31;48;5;24m▄[38;5;67;48;5;31m▄[38;5;31;48;5;68m▄[38;5;68;48;5;68m▄[38;5;31;48;5;74m▄[38;5;81;48;5;74m▄[38;5;243;48;5;73m▄[38;5;186;48;5;101m▄[38;5;143;48;5;143m▄[38;5;232;48;5;232m▄▄[38;5;237;48;5;232m▄[38;5;232;48;5;232m▄[38;5;17;48;5;232m▄[38;5;17;48;5;67m▄[38;5;232;48;5;152m▄[38;5;186;48;5;238m▄[38;5;254;48;5;60m▄[38;5;236;48;5;245m▄[38;5;60;48;5;193m▄[38;5;144;48;5;186m▄[38;5;107;48;5;59m▄[38;5;234;48;5;235m▄[38;5;8;48;5;251m▄[38;5;110;48;5;102m▄[38;5;74;48;5;239m▄[38;5;68;48;5;74m▄[38;5;31;48;5;81m▄[38;5;74;48;5;74m▄[38;5;68;48;5;31m▄[38;5;24;48;5;68m▄[38;5;68;48;5;74m▄[38;5;67;48;5;31m▄[38;5;24;48;5;24m▄[38;5;24;48;5;23m▄[38;5;23;48;5;24m▄[38;5;24;48;5;24m▄[38;5;23;48;5;23m▄[m
[38;5;23;48;5;23m▄[38;5;24;48;5;23m▄[38;5;67;48;5;31m▄[38;5;31;48;5;25m▄[38;5;67;48;5;25m▄[38;5;31;48;5;68m▄[38;5;74;48;5;74m▄▄[38;5;74;48;5;60m▄[38;5;232;48;5;242m▄[38;5;237;48;5;58m▄[38;5;233;48;5;237m▄[38;5;232;48;5;234m▄[38;5;232;48;5;232m▄▄[38;5;232;48;5;17m▄[38;5;233;48;5;17m▄[38;5;17;48;5;17m▄[38;5;17;48;5;232m▄[38;5;250;48;5;15m▄[38;5;255;48;5;254m▄[38;5;180;48;5;61m▄[38;5;239;48;5;234m▄[38;5;186;48;5;234m▄[38;5;242;48;5;236m▄[38;5;67;48;5;17m▄[38;5;117;48;5;153m▄[38;5;68;48;5;111m▄[38;5;74;48;5;67m▄[38;5;31;48;5;25m▄[38;5;25;48;5;67m▄[38;5;67;48;5;74m▄[38;5;67;48;5;67m▄[38;5;24;48;5;67m▄[38;5;25;48;5;67m▄[38;5;23;48;5;23m▄[38;5;24;48;5;24m▄[38;5;24;48;5;23m▄[38;5;23;48;5;23m▄[38;5;24;48;5;24m▄[m
[38;5;24;48;5;23m▄[38;5;23;48;5;23m▄▄[38;5;24;48;5;24m▄[38;5;24;48;5;67m▄[38;5;31;48;5;68m▄[38;5;68;48;5;74m▄[38;5;74;48;5;117m▄[38;5;75;48;5;117m▄[38;5;117;48;5;110m▄[38;5;74;48;5;237m▄[38;5;74;48;5;0m▄[38;5;110;48;5;17m▄[38;5;68;48;5;232m▄[38;5;67;48;5;232m▄[38;5;60;48;5;232m▄[38;5;234;48;5;232m▄[38;5;232;48;5;232m▄▄[38;5;232;48;5;236m▄[38;5;229;48;5;230m▄[38;5;58;48;5;173m▄[38;5;235;48;5;101m▄[38;5;237;48;5;186m▄[38;5;232;48;5;236m▄[38;5;117;48;5;67m▄[38;5;74;48;5;153m▄[38;5;67;48;5;31m▄[38;5;24;48;5;67m▄[38;5;67;48;5;74m▄[38;5;31;48;5;25m▄[38;5;24;48;5;24m▄[38;5;23;48;5;67m▄[38;5;24;48;5;23m▄[38;5;23;48;5;24m▄▄[38;5;24;48;5;23m▄[38;5;23;48;5;23m▄▄▄[m
