[48;2;0;0;0m             [38;2;36;12;48;48;2;67;48;78m▄[38;2;39;2;69;48;2;64;39;78m▄[38;2;41;4;71;48;2;61;44;63m▄[38;2;45;4;70;48;2;58;47;63m▄[38;2;44;2;74;48;2;60;41;86m▄[38;2;46;2;77;48;2;60;40;77m▄[38;2;44;1;73;48;2;62;40;79m▄[38;2;44;3;71;48;2;61;39;85m▄[38;2;37;7;61;48;2;58;42;71m▄[38;2;107;93;117;48;2;92;87;94m▄[48;2;0;0;0m       [m
[48;2;0;0;0m     [38;2;74;67;57;48;2;43;42;40m▄[38;2;69;39;13;48;2;57;41;28m▄[38;2;76;37;4;48;2;65;44;25m▄[38;2;87;39;4;48;2;66;46;22m▄[38;2;92;31;0;48;2;71;40;22m▄[38;2;98;26;0;48;2;74;38;24m▄[38;2;95;32;1;48;2;70;44;21m▄[38;2;89;36;5;48;2;67;45;31m▄[38;2;79;17;54;48;2;64;25;69m▄[38;2;80;7;114;48;2;70;17;107m▄[38;2;84;13;133;48;2;69;13;114m▄[38;2;84;11;118;48;2;79;11;98m▄[38;2;85;11;110;48;2;81;13;94m▄[38;2;88;12;121;48;2;79;8;112m▄[38;2;84;9;114;48;2;78;11;108m▄[38;2;80;11;104;48;2;75;13;96m▄[38;2;81;15;112;48;2;65;16;97m▄[38;2;62;8;92;48;2;59;24;90m▄[38;2;42;4;63;48;2;40;17;61m▄[38;2;14;12;15;48;2;26;24;27m▄[48;2;0;0;0m     [m
[48;2;0;0;0m  [38;2;94;53;32;48;2;44;26;12m▄[38;2;105;52;21;48;2;62;35;14m▄[38;2;115;54;9;48;2;64;28;2m▄[38;2;170;99;46;48;2;136;90;57m▄[38;2;249;166;98;48;2;234;173;128m▄[38;2;251;161;82;48;2;235;164;110m▄[38;2;249;160;68;48;2;244;168;106m▄[38;2;247;136;28;48;2;225;134;61m▄[38;2;248;128;6;48;2;236;134;59m▄[38;2;237;121;0;48;2;219;123;39m▄[38;2;229;121;18;48;2;220;133;66m▄[38;2;156;52;17;48;2;115;29;40m▄[38;2;135;48;65;48;2;111;27;115m▄[38;2;172;107;137;48;2;143;70;178m▄[38;2;150;106;165;48;2;136;72;195m▄[38;2;85;37;123;48;2;105;41;161m▄[38;2;79;35;107;48;2;102;38;148m▄[38;2;111;60;116;48;2;95;26;132m▄[38;2;114;53;95;48;2;94;20;128m▄[38;2;105;39;87;48;2;80;3;115m▄[38;2;96;27;110;48;2;82;14;123m▄[38;2;83;17;117;48;2;69;13;102m▄[38;2;57;4;94;48;2;54;15;72m▄[38;2;46;5;68;48;2;28;3;34m▄[38;2;9;7;10;48;2;0;0;0m▄[48;2;0;0;0m   [m
[38;2;122;80;42;48;2;63;38;18m▄[38;2;139;81;31;48;2;90;53;26m▄[38;2;239;155;83;48;2;236;175;128m▄[38;2;247;151;65;48;2;244;168;108m▄[38;2;250;152;61;48;2;250;171;102m▄[38;2;245;144;49;48;2;246;164;82m▄[38;2;251;140;33;48;2;245;152;59m▄[38;2;242;127;1;48;2;242;140;32m▄[38;2;239;123;4;48;2;237;128;1m▄[38;2;235;114;9;48;2;242;128;6m▄[38;2;234;113;8;48;2;247;121;8m▄[38;2;223;104;0;48;2;231;109;0m▄[38;2;219;94;2;48;2;221;102;0m▄[38;2;216;98;11;48;2;215;104;33m▄[38;2;196;103;7;48;2;198;107;52m▄[38;2;221;166;75;48;2;237;190;134m▄[38;2;187;151;73;48;2;213;183;149m▄[38;2;107;77;26;48;2;27;1;0m▄[38;2;116;92;46;48;2;63;31;32m▄[38;2;201;175;91;48;2;212;180;142m▄[38;2;199;163;66;48;2;216;177;108m▄[38;2;175;124;67;48;2;200;150;99m▄[38;2;139;77;87;48;2;149;87;98m▄[38;2;107;37;107;48;2;96;30;101m▄[38;2;91;18;127;48;2;81;13;125m▄[38;2;72;6;112;48;2;66;9;103m▄[38;2;49;1;77;48;2;52;10;73m▄[38;2;44;13;57;48;2;30;9;40m▄[38;2;13;11;14;48;2;0;0;0m▄[48;2;0;0;0m [m
[38;2;235;141;54;48;2;236;162;62m▄[38;2;244;133;44;48;2;248;149;58m▄[38;2;232;114;8;48;2;235;130;13m▄[38;2;228;114;15;48;2;236;125;20m▄[38;2;224;106;8;48;2;244;128;9m▄[38;2;209;92;13;48;2;248;126;1m▄[38;2;185;72;12;48;2;247;128;36m▄[38;2;172;65;9;48;2;236;122;0m▄[38;2;163;56;12;48;2;216;115;1m▄[38;2;167;56;26;48;2;205;91;18m▄[38;2;158;57;5;48;2;204;90;2m▄[38;2;151;60;7;48;2;195;89;3m▄[38;2;148;55;14;48;2;189;88;18m▄[38;2;149;52;9;48;2;194;94;0m▄[38;2;147;52;6;48;2;196;102;14m▄[38;2;172;87;7;48;2;189;103;0m▄[38;2;169;102;32;48;2;165;108;3m▄[38;2;184;123;92;48;2;233;190;95m▄[38;2;159;109;92;48;2;208;173;69m▄[38;2;140;92;80;48;2;187;154;49m▄[38;2;139;79;107;48;2;167;120;76m▄[38;2;124;48;139;48;2;119;50;97m▄[38;2;119;39;164;48;2;117;38;143m▄[38;2;115;41;156;48;2;120;43;155m▄[38;2;91;19;128;48;2;90;20;132m▄[38;2;78;17;118;48;2;75;13;118m▄[38;2;55;2;83;48;2;52;0;81m▄[38;2;48;0;65;48;2;42;2;64m▄[38;2;65;25;86;48;2;28;2;47m▄[38;2;74;47;88;48;2;36;24;48m▄[m
[38;2;215;117;16;48;2;241;136;44m▄[38;2;215;112;9;48;2;243;128;19m▄[38;2;135;43;4;48;2;223;107;4m▄[38;2;121;46;6;48;2;216;108;17m▄[38;2;116;47;6;48;2;194;90;0m▄[38;2;94;30;3;48;2;153;56;11m▄[38;2;77;18;0;48;2;104;12;0m▄[38;2;85;22;5;48;2;105;16;0m▄[38;2;87;18;2;48;2;103;14;10m▄[38;2;105;31;7;48;2;114;24;13m▄[38;2;112;33;16;48;2;118;36;0m▄[38;2;109;28;25;48;2;111;33;10m▄[38;2;111;17;15;48;2;113;29;27m▄[38;2;200;95;64;48;2;108;9;3m▄[38;2;208;100;48;48;2;112;9;0m▄[38;2;193;87;13;48;2;181;86;42m▄[38;2;173;85;39;48;2;174;93;49m▄[38;2;119;28;95;48;2;130;47;100m▄[38;2;116;31;152;48;2;117;39;140m▄[38;2;117;43;156;48;2;122;52;138m▄[38;2;116;40;162;48;2;118;45;134m▄[38;2;117;36;173;48;2;120;42;151m▄[38;2;112;38;159;48;2;120;46;157m▄[38;2;96;28;127;48;2;119;49;147m▄[38;2;73;10;104;48;2;90;24;124m▄[38;2;52;2;91;48;2;69;12;106m▄[38;2;84;30;114;48;2;52;1;80m▄[38;2;97;32;126;48;2;55;0;81m▄[38;2;104;33;136;48;2;106;47;131m▄[38;2;103;45;126;48;2;107;61;125m▄[m
[38;2;104;38;3;48;2;212;128;58m▄[38;2;108;55;15;48;2;183;105;33m▄[38;2;10;8;9;48;2;72;12;1m▄[38;2;10;8;9;48;2;64;22;0m▄[38;2;10;8;9;48;2;55;15;1m▄[38;2;39;34;30;48;2;65;29;17m▄[38;2;61;25;0;48;2;66;28;7m▄[38;2;127;71;38;48;2;79;22;3m▄[38;2;199;119;70;48;2;81;18;0m▄[38;2;200;114;57;48;2;108;34;9m▄[38;2;198;102;51;48;2;115;29;16m▄[38;2;178;81;46;48;2;110;19;18m▄[38;2;176;76;40;48;2;112;9;0m▄[38;2;207;107;29;48;2;232;130;56m▄[38;2;185;94;0;48;2;232;131;15m▄[38;2;134;37;21;48;2;194;95;2m▄[38;2;127;38;86;48;2;168;81;54m▄[38;2;107;20;122;48;2;117;27;91m▄[38;2;102;23;148;48;2;111;32;139m▄[38;2;100;30;142;48;2;115;45;143m▄[38;2;103;29;142;48;2;116;43;161m▄[38;2;105;30;149;48;2;119;40;183m▄[38;2;80;9;111;48;2;111;34;166m▄[38;2;65;3;86;48;2;98;31;137m▄[38;2;83;24;116;48;2;66;7;97m▄[38;2;95;41;139;48;2;46;0;88m▄[38;2;96;38;138;48;2;96;40;131m▄[38;2;99;31;140;48;2;114;46;149m▄[38;2;84;16;125;48;2;106;32;143m▄[38;2;83;30;110;48;2;100;42;126m▄[m
[38;2;1;1;1;48;2;69;32;3m▄[38;2;1;1;1;48;2;73;46;27m▄[48;2;0;0;0m   [38;2;0;0;0;48;2;46;42;35m▄[38;2;1;1;1;48;2;56;26;2m▄[38;2;110;74;52;48;2;140;82;45m▄[38;2;94;12;0;48;2;225;129;51m▄[38;2;100;17;1;48;2;224;124;38m▄[38;2;97;22;1;48;2;208;109;18m▄[38;2;88;22;0;48;2;193;99;27m▄[38;2;92;26;0;48;2;193;96;51m▄[38;2;97;32;0;48;2;190;95;31m▄[38;2;95;25;0;48;2;171;80;35m▄[38;2;110;26;104;48;2;124;21;75m▄[38;2;100;21;130;48;2;111;26;130m▄[38;2;80;13;110;48;2;102;24;134m▄[38;2;75;14;109;48;2;97;28;144m▄[38;2;75;9;109;48;2;97;28;144m▄[38;2;91;15;124;48;2;100;24;146m▄[38;2;104;23;143;48;2;108;30;150m▄[38;2;95;21;136;48;2;77;8;100m▄[38;2;95;29;127;48;2;55;0;66m▄[38;2;85;19;120;48;2;88;24;120m▄[38;2;80;11;128;48;2;108;46;151m▄[38;2;81;7;128;48;2;98;32;140m▄[38;2;77;7;123;48;2;96;28;137m▄[38;2;49;0;89;48;2;81;21;121m▄[38;2;47;18;72;48;2;76;34;100m▄[m
[48;2;0;0;0m   [38;2;20;20;20;48;2;0;0;0m▄[38;2;22;22;20;48;2;1;1;1m▄[38;2;20;21;16;48;2;0;0;0m▄[38;2;22;19;14;48;2;0;0;0m▄[38;2;28;17;15;48;2;89;78;73m▄[38;2;38;19;21;48;2;40;26;0m▄[38;2;31;7;13;48;2;59;24;5m▄[38;2;42;8;25;48;2;75;22;8m▄[38;2;88;37;93;48;2;75;20;28m▄[38;2;112;53;121;48;2;64;24;16m▄[38;2;112;48;119;48;2;62;23;16m▄[38;2;109;43;107;48;2;75;21;36m▄[38;2;89;11;110;48;2;105;28;100m▄[38;2;78;5;122;48;2;93;27;127m▄[38;2;81;8;125;48;2;79;11;120m▄[38;2;83;11;120;48;2;80;12;123m▄[38;2;87;14;121;48;2;81;7;120m▄[38;2;87;9;119;48;2;92;16;125m▄[38;2;81;6;124;48;2;104;28;137m▄[38;2;76;6;122;48;2;101;23;143m▄[38;2;74;13;117;48;2;101;30;148m▄[38;2;56;3;91;48;2;79;18;122m▄[38;2;48;0;76;48;2;77;8;117m▄[38;2;50;0;70;48;2;80;11;117m▄[38;2;48;9;62;48;2;64;8;95m▄[38;2;0;0;0;48;2;39;6;63m▄[38;2;0;0;0;48;2;40;23;59m▄[m
[48;2;0;0;0m  [38;2;25;26;30;48;2;20;20;20m▄[38;2;61;61;63;48;2;44;44;46m▄[38;2;0;0;0;48;2;28;27;25m▄[38;2;1;1;1;48;2;33;32;28m▄[38;2;16;16;16;48;2;35;31;32m▄[38;2;42;42;44;48;2;31;26;30m▄[38;2;103;107;119;48;2;35;28;36m▄[38;2;51;52;73;48;2;19;10;27m▄[38;2;40;23;57;48;2;30;11;49m▄[38;2;82;39;110;48;2;85;40;131m▄[38;2;120;49;151;48;2;112;41;163m▄[38;2;83;2;120;48;2;111;33;152m▄[38;2;74;12;95;48;2;108;37;131m▄[38;2;50;7;53;48;2;74;9;100m▄[38;2;38;15;44;48;2;68;14;98m▄[38;2;42;17;56;48;2;67;13;99m▄[38;2;40;11;55;48;2;70;14;98m▄[38;2;50;18;59;48;2;73;13;96m▄[38;2;61;17;70;48;2;75;8;101m▄[38;2;73;15;99;48;2;82;11;121m▄[38;2;76;10;116;48;2;77;9;125m▄[38;2;80;12;121;48;2;76;14;121m▄[38;2;76;9;112;48;2;59;3;88m▄[38;2;73;14;102;48;2;53;0;72m▄[38;2;46;1;68;48;2;45;2;53m▄[38;2;39;10;54;48;2;41;11;49m▄[48;2;0;0;0m  [m
[38;2;30;30;32;48;2;26;26;26m▄[38;2;45;45;45;48;2;21;21;21m▄[38;2;0;0;0;48;2;44;45;47m▄[38;2;60;60;62;48;2;68;68;70m▄[38;2;98;97;103;48;2;26;26;26m▄[38;2;89;84;90;48;2;18;18;18m▄[38;2;70;64;64;48;2;18;18;18m▄[38;2;112;103;96;48;2;56;56;58m▄[38;2;165;147;123;48;2;121;123;122m▄[38;2;69;47;33;48;2;59;54;58m▄[38;2;53;20;15;48;2;40;18;30m▄[38;2;141;96;73;48;2;104;60;83m▄[38;2;157;101;88;48;2;132;64;121m▄[38;2;64;16;30;48;2;80;11;91m▄[38;2;28;3;32;48;2;66;20;80m▄[38;2;0;0;0;48;2;46;33;43m▄[38;2;0;0;0;48;2;55;47;45m▄[38;2;0;0;0;48;2;42;40;43m▄[38;2;0;0;0;48;2;40;37;46m▄[38;2;1;1;1;48;2;42;35;42m▄[38;2;60;52;53;48;2;54;33;50m▄[38;2;39;9;33;48;2;61;21;71m▄[38;2;64;15;80;48;2;72;14;98m▄[38;2;80;19;112;48;2;77;8;114m▄[38;2;82;10;117;48;2;85;6;121m▄[38;2;76;14;111;48;2;78;12;117m▄[38;2;50;6;83;48;2;46;2;81m▄[38;2;40;12;61;48;2;44;13;70m▄[48;2;0;0;0m  [m
[38;2;31;32;34;48;2;32;32;34m▄[38;2;33;34;29;48;2;37;36;34m▄[38;2;94;91;82;48;2;32;31;29m▄[38;2;80;80;80;48;2;39;39;39m▄[38;2;89;90;95;48;2;86;86;94m▄[38;2;80;79;85;48;2;71;68;75m▄[38;2;33;21;9;48;2;61;54;48m▄[38;2;116;95;68;48;2;122;105;85m▄[38;2;191;138;72;48;2;182;138;100m▄[38;2;169;102;32;48;2;114;68;32m▄[38;2;173;96;50;48;2;94;40;16m▄[38;2;82;24;4;48;2;121;73;26m▄[38;2;40;11;5;48;2;119;79;28m▄[38;2;64;63;59;48;2;83;64;33m▄[38;2;44;44;46;48;2;67;62;66m▄[38;2;79;81;80;48;2;32;33;35m▄[38;2;77;77;79;48;2;26;26;26m▄[38;2;91;90;95;48;2;27;27;27m▄[38;2;95;91;92;48;2;19;19;19m▄[38;2;156;133;121;48;2;31;30;28m▄[38;2;167;129;92;48;2;75;62;53m▄[38;2;155;104;57;48;2;82;47;43m▄[38;2;115;53;65;48;2;81;31;69m▄[38;2;82;20;83;48;2;71;12;91m▄[38;2;49;6;75;48;2;69;10;100m▄[38;2;32;3;52;48;2;58;12;85m▄[38;2;0;0;0;48;2;71;46;84m▄[38;2;0;0;0;48;2;68;53;74m▄[48;2;0;0;0m  [m
[38;2;30;31;36;48;2;31;35;34m▄[38;2;33;33;35;48;2;34;35;29m▄[38;2;99;97;100;48;2;102;102;94m▄[38;2;82;81;87;48;2;85;86;88m▄[38;2;22;24;37;48;2;73;75;87m▄[38;2;58;57;62;48;2;92;90;95m▄[38;2;0;0;0;48;2;81;71;61m▄[38;2;88;76;60;48;2;109;88;59m▄[38;2;77;28;5;48;2;145;80;22m▄[38;2;152;77;38;48;2;185;94;29m▄[38;2;174;96;47;48;2;189;96;29m▄[38;2;74;30;5;48;2;78;25;4m▄[38;2;29;21;12;48;2;29;22;12m▄[38;2;85;89;98;48;2;105;109;118m▄[38;2;98;97;103;48;2;74;73;78m▄[38;2;54;53;51;48;2;83;80;73m▄[38;2;56;55;51;48;2;79;79;71m▄[38;2;28;15;24;48;2;60;55;59m▄[38;2;64;36;25;48;2;84;68;62m▄[38;2;202;143;82;48;2;190;143;98m▄[38;2;204;118;45;48;2;193;118;51m▄[38;2;186;93;16;48;2;177;91;14m▄[38;2;128;50;14;48;2;124;48;32m▄[38;2;70;16;13;48;2;71;14;46m▄[38;2;3;3;3;48;2;70;51;71m▄[38;2;0;0;0;48;2;76;67;82m▄[48;2;0;0;0m    [m
[38;2;0;0;0;48;2;56;56;58m▄[38;2;0;0;0;48;2;47;47;49m▄[38;2;25;24;20;48;2;55;53;58m▄[38;2;67;66;64;48;2;71;70;76m▄[38;2;0;0;0;48;2;63;63;67m▄[38;2;0;0;0;48;2;16;16;16m▄[48;2;0;0;0m [38;2;0;0;0;48;2;21;21;19m▄[38;2;0;0;0;48;2;88;75;69m▄[38;2;82;62;55;48;2;105;60;41m▄[38;2;59;24;5;48;2;105;49;17m▄[38;2;47;24;6;48;2;54;24;1m▄[38;2;26;22;17;48;2;25;21;9m▄[38;2;98;99;103;48;2;94;97;102m▄[38;2;95;94;99;48;2;97;96;102m▄[38;2;17;15;16;48;2;61;57;56m▄[38;2;36;32;31;48;2;66;61;58m▄[38;2;0;0;0;48;2;40;36;37m▄[38;2;20;20;18;48;2;43;34;30m▄[38;2;65;22;6;48;2;126;66;15m▄[38;2;110;44;12;48;2;162;76;7m▄[38;2;166;103;23;48;2;184;97;8m▄[38;2;115;62;11;48;2;129;58;3m▄[38;2;59;21;16;48;2;65;17;5m▄[38;2;56;52;48;48;2;36;32;29m▄[48;2;0;0;0m     [m
[48;2;0;0;0m         [38;2;0;0;0;48;2;2;2;2m▄[48;2;0;0;0m   [38;2;22;22;22;48;2;40;40;42m▄[38;2;18;19;21;48;2;31;31;33m▄[48;2;0;0;0m [38;2;0;0;0;48;2;1;1;1m▄[48;2;0;0;0m  [38;2;0;0;0;48;2;2;0;1m▄[38;2;38;34;33;48;2;55;41;38m▄[38;2;48;26;13;48;2;83;46;2m▄[38;2;101;91;82;48;2;102;78;55m▄[38;2;0;0;0;48;2;14;12;13m▄[48;2;0;0;0m      [m
