[48;2;43;2;27m[38;2;67;12;42m▄[48;2;70;8;33m[38;2;39;8;30m▄[48;2;37;4;31m[38;2;79;4;39m▄[48;2;126;8;63m[38;2;82;3;40m▄[48;2;134;14;86m[38;2;68;0;39m▄[48;2;142;16;85m[38;2;76;1;45m▄[48;2;158;20;99m[38;2;117;0;48m▄[48;2;162;31;110m[38;2;171;20;99m▄[48;2;165;37;120m[38;2;146;25;103m▄[48;2;151;22;105m[38;2;120;2;82m▄[48;2;147;34;108m[38;2;147;13;87m▄[48;2;148;45;114m[38;2;141;13;81m▄[48;2;171;46;117m[38;2;174;37;100m▄[48;2;207;50;111m[38;2;202;33;112m▄[48;2;212;58;121m[38;2;165;14;91m▄[48;2;163;40;110m[38;2;103;13;70m▄[48;2;68;2;50m[38;2;114;6;61m▄[48;2;75;21;54m[38;2;151;43;91m▄[48;2;121;34;79m[38;2;122;18;72m▄[48;2;142;40;106m[38;2;147;51;90m▄[48;2;129;33;94m[38;2;117;27;76m▄[48;2;151;62;114m[38;2;99;19;64m▄[48;2;171;45;112m[38;2;117;22;75m▄[48;2;194;68;110m[38;2;196;75;123m▄[48;2;223;94;148m[38;2;217;90;140m▄[48;2;219;118;171m[38;2;236;118;163m▄[48;2;207;124;177m[38;2;235;122;166m▄[48;2;200;120;158m[38;2;223;130;158m▄[48;2;199;121;150m[38;2;241;152;174m▄[48;2;186;115;130m[38;2;183;102;121m▄[48;2;171;116;123m[38;2;205;127;153m▄[48;2;164;114;114m[38;2;183;124;141m▄[48;2;176;135;138m[38;2;178;138;144m▄[48;2;194;146;127m[38;2;172;140;151m▄[48;2;231;218;189m[38;2;231;199;200m▄[48;2;252;189;175m[38;2;20;49;46m▄[48;2;254;199;200m[38;2;255;217;217m▄[48;2;255;207;213m[38;2;246;182;201m▄[48;2;252;192;205m[38;2;219;159;171m▄[48;2;213;156;162m[38;2;219;154;180m▄[0m
[48;2;74;7;37m[38;2;126;14;60m▄[48;2;104;18;61m[38;2;144;9;66m▄[48;2;136;8;66m[38;2;135;6;64m▄[48;2;128;7;58m[38;2;150;15;76m▄[48;2;102;12;56m[38;2;85;33;36m▄[48;2;132;60;85m[38;2;99;39;42m▄[48;2;124;9;69m[38;2;88;0;40m▄[48;2;62;1;49m[38;2;100;21;69m▄[48;2;34;0;34m[38;2;126;20;76m▄[48;2;73;0;39m[38;2;168;27;99m▄[48;2;102;12;54m[38;2;201;40;108m▄[48;2;165;56;106m[38;2;170;22;80m▄[48;2;177;26;85m[38;2;117;0;63m▄[48;2;115;3;66m[38;2;99;4;57m▄[48;2;100;8;64m[38;2;151;43;97m▄[48;2;136;37;92m[38;2;150;26;88m▄[48;2;174;40;108m[38;2;178;66;115m▄[48;2;162;42;103m[38;2;186;91;147m▄[48;2;202;108;158m[38;2;180;104;154m▄[48;2;186;90;145m[38;2;186;108;159m▄[48;2;153;49;102m[38;2;180;76;121m▄[48;2;133;31;75m[38;2;207;92;132m▄[48;2;154;55;99m[38;2;216;91;140m▄[48;2;156;54;98m[38;2;225;105;135m▄[48;2;207;90;134m[38;2;220;109;142m▄[48;2;225;108;139m[38;2;223;124;142m▄[48;2;232;120;144m[38;2;200;121;138m▄[48;2;240;136;153m[38;2;198;115;130m▄[48;2;206;117;135m[38;2;226;140;154m▄[48;2;206;126;135m[38;2;223;142;158m▄[48;2;237;147;163m[38;2;255;177;190m▄[48;2;255;189;208m[38;2;247;182;208m▄[48;2;231;162;175m[38;2;249;192;214m▄[48;2;229;164;196m[38;2;248;189;205m▄[48;2;229;171;196m[38;2;255;194;216m▄[48;2;58;45;58m[38;2;255;214;211m▄[48;2;21;28;50m[38;2;8;22;42m▄[48;2;255;211;219m[38;2;20;26;39m▄[48;2;252;178;207m[38;2;255;175;214m▄[48;2;231;148;187m[38;2;244;135;196m▄[0m
[48;2;120;2;52m[38;2;135;10;67m▄[48;2;138;9;70m[38;2;147;7;64m▄[48;2;135;2;72m[38;2;164;28;70m▄[48;2;147;58;100m[38;2;109;128;39m▄[48;2;76;88;33m[38;2;9;28;33m▄[48;2;120;33;67m[38;2;80;19;55m▄[48;2;88;10;62m[38;2;94;4;54m▄[48;2;109;4;64m[38;2;153;18;88m▄[48;2;168;28;102m[38;2;162;14;88m▄[48;2;169;18;97m[38;2;171;22;91m▄[48;2;162;18;91m[38;2;154;25;86m▄[48;2;99;0;48m[38;2;189;49;126m▄[48;2;160;39;90m[38;2;176;31;104m▄[48;2;164;36;97m[38;2;151;40;96m▄[48;2;124;19;76m[38;2;150;25;82m▄[48;2;190;68;145m[38;2;85;25;52m▄[48;2;156;74;134m[38;2;72;24;62m▄[48;2;144;61;122m[38;2;88;27;56m▄[48;2;148;52;116m[38;2;117;46;82m▄[48;2;158;57;112m[38;2;181;100;145m▄[48;2;166;69;127m[38;2;217;122;176m▄[48;2;182;73;127m[38;2;240;142;198m▄[48;2;220;121;170m[38;2;222;130;182m▄[48;2;235;139;190m[38;2;238;162;210m▄[48;2;250;154;202m[38;2;231;154;195m▄[48;2;249;148;187m[38;2;238;166;210m▄[48;2;235;148;178m[38;2;244;177;216m▄[48;2;224;147;180m[38;2;246;182;220m▄[48;2;226;165;184m[38;2;237;172;206m▄[48;2;254;196;212m[38;2;68;70;76m▄[48;2;241;193;210m[38;2;231;181;213m▄[48;2;246;211;230m[38;2;220;181;195m▄[48;2;255;201;224m[38;2;253;211;214m▄[48;2;255;210;225m[38;2;246;190;194m▄[48;2;250;186;195m[38;2;255;187;192m▄[48;2;255;204;217m[38;2;255;200;216m▄[48;2;10;24;39m[38;2;9;22;36m▄[48;2;12;25;36m[38;2;0;18;27m▄[48;2;43;21;40m[38;2;1;21;39m▄[48;2;212;135;169m[38;2;232;160;189m▄[0m
[48;2;112;7;46m[38;2;26;0;16m▄[48;2;135;13;55m[38;2;50;7;28m▄[48;2;123;104;13m[38;2;138;160;24m▄[48;2;39;56;39m[38;2;15;36;25m▄[48;2;15;15;26m[38;2;20;0;16m▄[48;2;134;20;80m[38;2;157;55;103m▄[48;2;112;8;62m[38;2;159;30;102m▄[48;2;84;4;45m[38;2;171;19;86m▄[48;2;141;24;84m[38;2;172;14;82m▄[48;2;198;36;115m[38;2;204;31;117m▄[48;2;193;37;123m[38;2;98;18;70m▄[48;2;168;30;100m[38;2;79;8;56m▄[48;2;129;14;72m[38;2;132;30;74m▄[48;2;116;32;64m[38;2;172;36;96m▄[48;2;136;44;86m[38;2;183;34;99m▄[48;2;147;64;103m[38;2;152;49;97m▄[48;2;93;43;16m[38;2;85;37;21m▄[48;2;129;60;93m[38;2;200;108;171m▄[48;2;189;112;164m[38;2;220;128;186m▄[48;2;208;123;175m[38;2;240;159;204m▄[48;2;246;160;212m[38;2;230;145;195m▄[48;2;230;145;196m[38;2;229;144;200m▄[48;2;230;153;200m[38;2;216;128;186m▄[48;2;230;162;214m[38;2;243;147;194m▄[48;2;248;162;217m[38;2;243;159;202m▄[48;2;237;170;212m[38;2;240;172;210m▄[48;2;238;175;211m[38;2;247;187;222m▄[48;2;249;188;231m[38;2;228;164;196m▄[48;2;214;157;180m[38;2;232;224;223m▄[48;2;46;39;46m[38;2;249;240;235m▄[48;2;241;201;218m[38;2;238;210;226m▄[48;2;255;216;241m[38;2;226;178;205m▄[48;2;250;205;231m[38;2;94;85;88m▄[48;2;255;205;240m[38;2;255;199;228m▄[48;2;243;189;216m[38;2;236;165;198m▄[48;2;255;225;236m[38;2;16;15;19m▄[48;2;1;22;25m[38;2;21;57;42m▄[48;2;10;32;36m[38;2;38;73;46m▄[48;2;22;36;46m[38;2;30;58;52m▄[48;2;180;145;164m[38;2;229;187;183m▄[0m
[48;2;26;7;24m[38;2;82;15;56m▄[48;2;116;55;55m[38;2;58;36;16m▄[48;2;102;130;37m[38;2;75;114;33m▄[48;2;8;24;27m[38;2;0;19;22m▄[48;2;1;7;22m[38;2;2;14;24m▄[48;2;159;75;118m[38;2;42;0;16m▄[48;2;163;28;94m[38;2;217;69;134m▄[48;2;210;36;118m[38;2;204;37;117m▄[48;2;195;33;103m[38;2;106;20;72m▄[48;2;158;15;82m[38;2;163;36;97m▄[48;2;174;31;94m[38;2;217;63;127m▄[48;2;194;50;116m[38;2;211;79;150m▄[48;2;182;57;115m[38;2;230;105;170m▄[48;2;172;55;105m[38;2;224;70;136m▄[48;2;146;37;85m[38;2;212;66;120m▄[48;2;181;58;114m[38;2;174;98;123m▄[48;2;85;40;42m[38;2;91;82;60m▄[48;2;218;123;176m[38;2;232;200;210m▄[48;2;99;79;86m[38;2;238;216;225m▄[48;2;208;138;186m[38;2;220;108;156m▄[48;2;189;93;145m[38;2;211;109;147m▄[48;2;208;109;157m[38;2;244;168;200m▄[48;2;250;165;212m[38;2;238;168;199m▄[48;2;226;160;204m[38;2;62;54;54m▄[48;2;255;194;232m[38;2;76;92;48m▄[48;2;255;212;241m[38;2;91;110;72m▄[48;2;252;204;228m[38;2;39;61;43m▄[48;2;211;168;201m[38;2;22;33;30m▄[48;2;94;93;39m[38;2;223;218;144m▄[48;2;231;198;212m[38;2;250;189;199m▄[48;2;216;168;217m[38;2;255;187;208m▄[48;2;224;172;208m[38;2;219;147;193m▄[48;2;26;26;37m[38;2;40;50;46m▄[48;2;255;204;223m[38;2;18;33;21m▄[48;2;111;99;99m[38;2;44;75;54m▄[48;2;42;86;43m[38;2;67;105;36m▄[48;2;31;81;28m[38;2;82;121;43m▄[48;2;60;104;54m[38;2;96;139;38m▄[48;2;48;79;54m[38;2;64;92;54m▄[48;2;208;178;166m[38;2;216;153;164m▄[0m
[48;2;82;2;50m[38;2;136;26;63m▄[48;2;84;94;30m[38;2;84;99;33m▄[48;2;70;116;33m[38;2;106;153;25m▄[48;2;6;25;28m[38;2;13;34;32m▄[48;2;0;6;12m[38;2;0;15;22m▄[48;2;4;8;21m[38;2;0;12;28m▄[48;2;217;112;140m[38;2;24;7;27m▄[48;2;190;68;120m[38;2;217;145;190m▄[48;2;194;79;140m[38;2;211;105;165m▄[48;2;220;106;168m[38;2;224;123;189m▄[48;2;220;116;177m[38;2;225;117;187m▄[48;2;219;114;175m[38;2;219;126;186m▄[48;2;217;102;166m[38;2;230;102;160m▄[48;2;217;69;127m[38;2;19;12;22m▄[48;2;234;182;192m[38;2;253;214;237m▄[48;2;247;171;187m[38;2;236;169;166m▄[48;2;99;106;57m[38;2;255;255;198m▄[48;2;156;146;117m[38;2;232;195;207m▄[48;2;225;126;170m[38;2;232;150;188m▄[48;2;218;121;150m[38;2;242;165;201m▄[48;2;236;162;201m[38;2;236;169;204m▄[48;2;234;157;207m[38;2;218;201;196m▄[48;2;73;62;14m[38;2;255;255;96m▄[48;2;244;229;50m[38;2;99;110;48m▄[48;2;48;67;38m[38;2;217;63;72m▄[48;2;90;115;37m[38;2;56;48;44m▄[48;2;88;106;46m[38;2;109;86;7m▄[48;2;226;214;92m[38;2;255;255;230m▄[48;2;255;250;246m[38;2;205;193;190m▄[48;2;255;194;210m[38;2;255;177;206m▄[48;2;255;178;188m[38;2;255;169;178m▄[48;2;255;166;192m[38;2;230;172;178m▄[48;2;49;78;58m[38;2;72;94;50m▄[48;2;40;79;46m[38;2;72;103;45m▄[48;2;68;99;45m[38;2;160;157;13m▄[48;2;123;145;14m[38;2;208;196;1m▄[48;2;142;162;18m[38;2;210;190;1m▄[48;2;159;160;19m[38;2;205;201;3m▄[48;2;68;81;51m[38;2;33;36;43m▄[48;2;212;106;146m[38;2;171;60;111m▄[0m
[48;2;174;18;110m[38;2;120;4;66m▄[48;2;54;60;40m[38;2;51;32;38m▄[48;2;220;217;49m[38;2;228;208;97m▄[48;2;61;99;39m[38;2;166;186;22m▄[48;2;26;46;33m[38;2;73;116;26m▄[48;2;0;15;16m[38;2;36;62;42m▄[48;2;0;14;18m[38;2;10;33;32m▄[48;2;12;14;27m[38;2;0;16;28m▄[48;2;196;159;193m[38;2;4;21;34m▄[48;2;230;159;205m[38;2;0;6;27m▄[48;2;231;128;192m[38;2;21;25;40m▄[48;2;230;109;159m[38;2;12;14;27m▄[48;2;6;13;26m[38;2;1;12;30m▄[48;2;27;25;44m[38;2;236;201;220m▄[48;2;208;146;189m[38;2;201;163;186m▄[48;2;194;181;153m[38;2;255;254;193m▄[48;2;98;124;28m[38;2;255;255;190m▄[48;2;255;241;249m[38;2;78;103;57m▄[48;2;237;166;199m[38;2;240;190;210m▄[48;2;242;175;210m[38;2;20;32;39m▄[48;2;247;189;212m[38;2;214;214;38m▄[48;2;205;190;22m[38;2;61;36;0m▄[48;2;99;93;22m[38;2;186;187;46m▄[48;2;55;16;3m[38;2;121;136;48m▄[48;2;243;224;214m[38;2;82;88;44m▄[48;2;54;67;44m[38;2;255;255;140m▄[48;2;255;252;190m[38;2;228;228;224m▄[48;2;186;1;0m[38;2;175;0;0m▄[48;2;73;76;57m[38;2;114;127;98m▄[48;2;255;168;187m[38;2;224;178;178m▄[48;2;241;158;169m[38;2;30;39;39m▄[48;2;0;0;0m[38;2;92;117;19m▄[48;2;86;117;37m[38;2;201;194;9m▄[48;2;180;190;20m[38;2;255;226;0m▄[48;2;229;211;0m[38;2;255;248;12m▄[48;2;249;226;6m[38;2;255;255;49m▄[48;2;255;243;13m[38;2;255;255;46m▄[48;2;184;189;43m[38;2;72;86;62m▄[48;2;120;94;108m[38;2;213;97;136m▄[48;2;166;45;91m[38;2;213;66;109m▄[0m
[48;2;165;31;102m[38;2;200;61;126m▄[48;2;206;74;128m[38;2;196;61;129m▄[48;2;36;37;30m[38;2;228;111;175m▄[48;2;60;43;24m[38;2;216;184;175m▄[48;2;204;190;0m[38;2;82;70;36m▄[48;2;182;181;40m[38;2;162;156;2m▄[48;2;66;100;25m[38;2;214;211;10m▄[48;2;42;84;45m[38;2;174;171;20m▄[48;2;30;52;34m[38;2;106;129;30m▄[48;2;19;42;42m[38;2;58;84;43m▄[48;2;4;26;30m[38;2;32;63;39m▄[48;2;0;20;26m[38;2;12;43;39m▄[48;2;0;14;28m[38;2;0;22;28m▄[48;2;214;156;200m[38;2;236;194;217m▄[48;2;115;97;96m[38;2;255;254;205m▄[48;2;169;168;63m[38;2;37;50;46m▄[48;2;255;241;236m[38;2;231;176;202m▄[48;2;54;48;27m[38;2;236;211;111m▄[48;2;174;195;61m[38;2;226;213;58m▄[48;2;148;157;20m[38;2;94;88;50m▄[48;2;255;255;147m[38;2;130;85;46m▄[48;2;91;42;7m[38;2;188;180;64m▄[48;2;255;243;51m[38;2;163;146;25m▄[48;2;178;188;123m[38;2;80;97;19m▄[48;2;255;255;124m[38;2;62;84;57m▄[48;2;232;226;229m[38;2;193;153;166m▄[48;2;190;146;178m[38;2;234;170;176m▄[48;2;146;50;39m[38;2;144;45;36m▄[48;2;79;94;49m[38;2;69;99;36m▄[48;2;33;49;58m[38;2;177;176;10m▄[48;2;109;127;16m[38;2;255;255;52m▄[48;2;234;222;20m[38;2;255;255;99m▄[48;2;255;241;18m[38;2;255;255;134m▄[48;2;255;255;69m[38;2;255;255;151m▄[48;2;255;255;127m[38;2;255;255;165m▄[48;2;255;255;124m[38;2;255;255;99m▄[48;2;255;249;81m[38;2;248;235;150m▄[48;2;158;181;90m[38;2;122;154;61m▄[48;2;156;92;102m[38;2;72;97;26m▄[48;2;199;85;117m[38;2;106;135;57m▄[0m
[48;2;184;52;123m[38;2;178;61;116m▄[48;2;202;81;147m[38;2;166;51;109m▄[48;2;211;86;159m[38;2;175;58;122m▄[48;2;217;105;168m[38;2;214;93;164m▄[48;2;214;78;138m[38;2;223;87;156m▄[48;2;144;132;124m[38;2;234;104;140m▄[48;2;165;152;12m[38;2;199;182;26m▄[48;2;231;218;18m[38;2;255;249;99m▄[48;2;190;184;18m[38;2;253;247;126m▄[48;2;121;141;25m[38;2;232;241;69m▄[48;2;92;130;34m[38;2;224;220;24m▄[48;2;45;78;43m[38;2;184;187;8m▄[48;2;25;55;45m[38;2;110;135;52m▄[48;2;12;15;14m[38;2;255;255;231m▄[48;2;238;242;78m[38;2;109;130;50m▄[48;2;187;168;184m[38;2;16;32;42m▄[48;2;241;186;211m[38;2;249;189;218m▄[48;2;244;192;202m[38;2;44;49;25m▄[48;2;87;92;57m[38;2;255;255;147m▄[48;2;255;255;195m[38;2;49;54;30m▄[48;2;63;52;33m[38;2;255;225;30m▄[48;2;255;226;20m[38;2;213;196;19m▄[48;2;178;186;27m[38;2;67;39;20m▄[48;2;60;81;31m[38;2;45;62;49m▄[48;2;255;255;255m[38;2;99;134;57m▄[48;2;37;43;34m[38;2;55;90;9m▄[48;2;74;76;67m[38;2;222;208;37m▄[48;2;105;128;37m[38;2;255;255;130m▄[48;2;225;224;26m[38;2;255;255;152m▄[48;2;255;255;97m[38;2;255;237;52m▄[48;2;255;255;138m[38;2;172;163;21m▄[48;2;255;255;127m[38;2;92;92;25m▄[48;2;235;229;181m[38;2;33;58;43m▄[48;2;226;219;198m[38;2;40;76;50m▄[48;2;255;255;201m[38;2;43;58;43m▄[48;2;255;255;100m[38;2;68;99;48m▄[48;2;236;226;106m[38;2;24;27;37m▄[48;2;255;255;121m[38;2;48;42;42m▄[48;2;255;255;147m[38;2;202;97;121m▄[48;2;255;255;145m[38;2;186;96;120m▄[0m
[48;2;188;81;140m[38;2;180;93;158m▄[48;2;103;69;84m[38;2;201;128;178m▄[48;2;224;199;208m[38;2;189;190;157m▄[48;2;252;226;232m[38;2;200;206;145m▄[48;2;126;103;110m[38;2;214;214;157m▄[48;2;60;61;56m[38;2;234;231;138m▄[48;2;255;232;70m[38;2;32;49;54m▄[48;2;223;210;112m[38;2;4;7;38m▄[48;2;163;159;69m[38;2;210;194;186m▄[48;2;80;85;4m[38;2;206;148;150m▄[48;2;49;52;7m[38;2;231;159;174m▄[48;2;31;37;18m[38;2;237;158;177m▄[48;2;73;81;52m[38;2;80;82;70m▄[48;2;255;250;135m[38;2;58;36;7m▄[48;2;67;90;45m[38;2;38;57;44m▄[48;2;30;48;42m[38;2;198;193;20m▄[48;2;255;255;180m[38;2;135;120;1m▄[48;2;178;166;134m[38;2;102;99;31m▄[48;2;183;193;122m[38;2;112;67;57m▄[48;2;201;165;104m[38;2;228;193;16m▄[48;2;226;195;1m[38;2;144;145;0m▄[48;2;120;135;46m[38;2;255;255;110m▄[48;2;4;27;8m[38;2;219;219;24m▄[48;2;136;148;46m[38;2;255;255;153m▄[48;2;196;187;14m[38;2;253;255;130m▄[48;2;255;253;160m[38;2;56;58;15m▄[48;2;255;252;190m[38;2;72;87;43m▄[48;2;234;216;84m[38;2;134;40;31m▄[48;2;51;42;15m[38;2;200;156;186m▄[48;2;241;217;232m[38;2;210;112;174m▄[48;2;170;100;166m[38;2;216;106;154m▄[48;2;192;86;169m[38;2;216;100;162m▄[48;2;217;82;156m[38;2;217;81;152m▄[48;2;205;75;136m[38;2;230;98;157m▄[48;2;210;76;140m[38;2;216;57;136m▄[48;2;204;108;163m[38;2;219;85;159m▄[48;2;201;96;157m[38;2;212;73;150m▄[48;2;200;52;117m[38;2;222;94;171m▄[48;2;182;34;99m[38;2;189;61;144m▄[48;2;142;46;72m[38;2;192;61;136m▄[0m
[48;2;177;91;146m[38;2;205;99;171m▄[48;2;196;109;164m[38;2;208;106;177m▄[48;2;216;118;180m[38;2;225;126;195m▄[48;2;222;132;181m[38;2;210;117;178m▄[48;2;206;132;186m[38;2;216;139;190m▄[48;2;218;133;189m[38;2;210;124;178m▄[48;2;216;132;175m[38;2;241;130;186m▄[48;2;222;94;123m[38;2;201;100;135m▄[48;2;171;84;114m[38;2;204;106;142m▄[48;2;201;99;128m[38;2;235;133;153m▄[48;2;219;117;136m[38;2;241;146;177m▄[48;2;238;159;165m[38;2;255;200;190m▄[48;2;230;204;51m[38;2;247;222;20m▄[48;2;255;247;66m[38;2;213;193;8m▄[48;2;97;114;62m[38;2;61;80;26m▄[48;2;253;224;31m[38;2;255;255;106m▄[48;2;75;92;43m[38;2;54;50;6m▄[48;2;34;40;34m[38;2;33;45;26m▄[48;2;72;64;14m[38;2;139;154;26m▄[48;2;128;145;24m[38;2;48;18;0m▄[48;2;184;55;44m[38;2;78;93;45m▄[48;2;60;55;32m[38;2;18;30;44m▄[48;2;13;32;25m[38;2;255;255;255m▄[48;2;18;45;10m[38;2;165;190;73m▄[48;2;57;79;57m[38;2;236;174;213m▄[48;2;39;57;49m[38;2;225;104;168m▄[48;2;252;231;244m[38;2;240;138;147m▄[48;2;168;56;43m[38;2;140;20;6m▄[48;2;218;145;184m[38;2;136;106;121m▄[48;2;204;92;144m[38;2;190;135;164m▄[48;2;32;27;33m[38;2;97;76;82m▄[48;2;207;88;147m[38;2;51;42;48m▄[48;2;241;205;224m[38;2;201;177;193m▄[48;2;241;171;205m[38;2;229;88;164m▄[48;2;230;90;165m[38;2;226;42;122m▄[48;2;229;88;160m[38;2;168;20;94m▄[48;2;213;63;142m[38;2;199;69;145m▄[48;2;199;42;130m[38;2;186;57;144m▄[48;2;199;54;132m[38;2;180;32;122m▄[48;2;198;54;120m[38;2;130;15;90m▄[0m
[48;2;214;78;159m[38;2;226;62;111m▄[48;2;241;103;182m[38;2;244;72;133m▄[48;2;217;115;200m[38;2;204;90;150m▄[48;2;195;120;170m[38;2;180;74;117m▄[48;2;216;116;158m[38;2;112;61;93m▄[48;2;216;112;158m[38;2;90;88;64m▄[48;2;172;99;132m[38;2;54;97;63m▄[48;2;218;132;142m[38;2;60;96;96m▄[48;2;241;159;176m[38;2;88;116;52m▄[48;2;238;152;184m[38;2;120;134;52m▄[48;2;236;176;178m[38;2;148;172;33m▄[48;2;61;55;28m[38;2;175;181;21m▄[48;2;190;168;18m[38;2;93;123;24m▄[48;2;108;123;16m[38;2;55;76;50m▄[48;2;54;72;69m[38;2;9;15;52m▄[48;2;127;128;99m[38;2;147;0;0m▄[48;2;108;102;27m[38;2;165;148;86m▄[48;2;40;43;49m[38;2;253;247;247m▄[48;2;174;182;48m[38;2;16;16;22m▄[48;2;99;120;52m[38;2;26;33;16m▄[48;2;88;121;34m[38;2;139;148;55m▄[48;2;33;36;50m[38;2;51;45;55m▄[48;2;224;170;199m[38;2;237;159;217m▄[48;2;253;240;90m[38;2;255;255;226m▄[48;2;255;218;231m[38;2;22;13;27m▄[48;2;252;104;168m[38;2;238;102;158m▄[48;2;249;97;164m[38;2;201;73;124m▄[48;2;205;192;160m[38;2;202;144;159m▄[48;2;118;148;78m[38;2;88;50;1m▄[48;2;123;112;94m[38;2;105;93;62m▄[48;2;84;87;72m[38;2;241;206;189m▄[48;2;25;31;25m[38;2;224;84;159m▄[48;2;224;84;160m[38;2;222;52;139m▄[48;2;218;58;135m[38;2;207;28;124m▄[48;2;145;22;74m[38;2;159;13;82m▄[48;2;117;0;66m[38;2;68;7;45m▄[48;2;132;2;75m[38;2;82;7;57m▄[48;2;128;7;87m[38;2;34;0;30m▄[48;2;121;18;82m[38;2;93;8;62m▄[48;2;114;18;75m[38;2;132;19;97m▄[0m
[48;2;190;46;104m[38;2;195;75;108m▄[48;2;168;56;97m[38;2;237;99;130m▄[48;2;188;78;118m[38;2;254;141;189m▄[48;2;190;183;174m[38;2;236;213;96m▄[48;2;255;255;206m[38;2;178;157;69m▄[48;2;255;255;195m[38;2;254;226;91m▄[48;2;255;255;171m[38;2;248;222;52m▄[48;2;255;234;86m[38;2;81;21;6m▄[48;2;212;207;34m[38;2;116;0;0m▄[48;2;169;178;24m[38;2;22;16;3m▄[48;2;126;138;8m[38;2;146;175;46m▄[48;2;86;118;38m[38;2;255;114;64m▄[48;2;0;20;22m[38;2;2;2;13m▄[48;2;0;16;32m[38;2;30;50;39m▄[48;2;93;78;72m[38;2;54;67;51m▄[48;2;104;82;46m[38;2;8;14;31m▄[48;2;9;19;37m[38;2;225;220;229m▄[48;2;214;159;157m[38;2;255;199;212m▄[48;2;219;158;174m[38;2;229;198;201m▄[48;2;186;193;72m[38;2;102;94;50m▄[48;2;43;56;51m[38;2;75;55;68m▄[48;2;206;130;156m[38;2;230;134;186m▄[48;2;194;90;121m[38;2;228;121;180m▄[48;2;234;188;188m[38;2;217;146;181m▄[48;2;68;87;34m[38;2;255;255;176m▄[48;2;226;134;180m[38;2;246;210;232m▄[48;2;204;99;160m[38;2;214;108;169m▄[48;2;210;100;163m[38;2;230;76;147m▄[48;2;231;100;171m[38;2;222;68;142m▄[48;2;238;54;153m[38;2;228;49;135m▄[48;2;223;54;139m[38;2;214;79;153m▄[48;2;210;61;140m[38;2;199;60;133m▄[48;2;208;50;129m[38;2;169;25;98m▄[48;2;79;1;50m[38;2;158;3;80m▄[48;2;108;9;57m[38;2;139;10;74m▄[48;2;129;10;66m[38;2;114;0;63m▄[48;2;64;0;39m[38;2;45;0;32m▄[48;2;30;0;20m[38;2;32;0;13m▄[48;2;42;0;31m[38;2;84;7;43m▄[48;2;60;0;40m[38;2;54;0;31m▄[0m
[48;2;238;94;133m[38;2;241;105;144m▄[48;2;255;104;148m[38;2;236;109;144m▄[48;2;254;186;183m[38;2;255;229;228m▄[48;2;52;67;57m[38;2;255;255;102m▄[48;2;255;255;118m[38;2;104;110;25m▄[48;2;154;156;36m[38;2;57;74;32m▄[48;2;255;235;69m[38;2;114;128;32m▄[48;2;238;57;48m[38;2;26;40;32m▄[48;2;32;55;1m[38;2;22;40;42m▄[48;2;68;97;40m[38;2;37;75;40m▄[48;2;25;48;14m[38;2;2;9;18m▄[48;2;80;84;32m[38;2;0;12;15m▄[48;2;151;176;76m[38;2;0;10;20m▄[48;2;109;126;45m[38;2;236;207;55m▄[48;2;46;57;54m[38;2;49;69;30m▄[48;2;230;184;211m[38;2;25;44;16m▄[48;2;211;169;171m[38;2;186;190;110m▄[48;2;250;236;236m[38;2;216;138;168m▄[48;2;22;27;19m[38;2;216;145;165m▄[48;2;9;28;19m[38;2;186;112;138m▄[48;2;201;121;138m[38;2;172;68;100m▄[48;2;219;97;146m[38;2;152;54;105m▄[48;2;226;94;168m[38;2;163;44;99m▄[48;2;212;115;176m[38;2;183;63;104m▄[48;2;204;134;168m[38;2;208;87;132m▄[48;2;54;60;69m[38;2;208;147;176m▄[48;2;214;104;162m[38;2;159;99;128m▄[48;2;211;75;152m[38;2;186;46;120m▄[48;2;198;55;126m[38;2;204;61;127m▄[48;2;217;57;133m[38;2;210;57;127m▄[48;2;206;60;142m[38;2;202;39;118m▄[48;2;160;21;98m[38;2;196;52;126m▄[48;2;181;20;100m[38;2;206;55;142m▄[48;2;171;7;85m[38;2;186;13;96m▄[48;2;76;6;50m[38;2;44;0;31m▄[48;2;30;0;19m[38;2;147;0;79m▄[48;2;112;7;67m[38;2;170;0;86m▄[48;2;168;16;93m[38;2;181;1;93m▄[48;2;160;0;78m[38;2;192;4;93m▄[48;2;148;0;63m[38;2;165;6;86m▄[0m
[48;2;232;140;176m[38;2;255;150;178m▄[48;2;255;163;195m[38;2;255;196;204m▄[48;2;255;252;213m[38;2;228;212;84m▄[48;2;134;134;12m[38;2;28;44;38m▄[48;2;24;44;34m[38;2;249;234;246m▄[48;2;0;14;31m[38;2;248;218;235m▄[48;2;21;44;46m[38;2;214;170;193m▄[48;2;61;81;68m[38;2;241;206;222m▄[48;2;104;118;51m[38;2;238;230;234m▄[48;2;7;36;37m[38;2;189;180;180m▄[48;2;240;234;234m[38;2;172;158;166m▄[48;2;15;55;45m[38;2;244;214;225m▄[48;2;20;42;26m[38;2;160;163;36m▄[48;2;26;13;6m[38;2;168;38;16m▄[48;2;189;186;57m[38;2;202;181;62m▄[48;2;206;206;81m[38;2;8;0;3m▄[48;2;139;122;117m[38;2;236;122;159m▄[48;2;224;104;145m[38;2;235;105;152m▄[48;2;216;99;134m[38;2;207;81;123m▄[48;2;177;70;106m[38;2;217;82;110m▄[48;2;182;69;111m[38;2;188;61;109m▄[48;2;187;81;129m[38;2;141;30;74m▄[48;2;193;74;133m[38;2;193;58;111m▄[48;2;216;96;163m[38;2;165;50;110m▄[48;2;192;82;145m[38;2;159;52;111m▄[48;2;187;85;148m[38;2;136;37;96m▄[48;2;163;90;142m[38;2;174;55;114m▄[48;2;183;79;140m[38;2;187;63;127m▄[48;2;195;74;141m[38;2;194;60;136m▄[48;2;194;66;148m[38;2;206;39;135m▄[48;2;207;57;147m[38;2;198;32;127m▄[48;2;188;44;136m[38;2;168;18;90m▄[48;2;199;28;124m[38;2;45;0;28m▄[48;2;61;0;39m[38;2;54;0;25m▄[48;2;91;4;49m[38;2;175;12;78m▄[48;2;170;8;87m[38;2;192;0;74m▄[48;2;198;0;88m[38;2;192;0;88m▄[48;2;200;0;94m[38;2;168;0;91m▄[48;2;187;0;91m[38;2;166;0;81m▄[48;2;177;0;76m[38;2;112;0;42m▄[0m
[48;2;255;150;171m[38;2;225;151;183m▄[48;2;52;16;7m[38;2;255;255;247m▄[48;2;55;68;38m[38;2;50;31;19m▄[48;2;244;229;225m[38;2;224;160;193m▄[48;2;232;144;182m[38;2;248;184;184m▄[48;2;244;175;213m[38;2;250;180;199m▄[48;2;255;193;219m[38;2;255;200;216m▄[48;2;254;202;228m[38;2;225;162;193m▄[48;2;234;172;208m[38;2;232;168;194m▄[48;2;224;156;204m[38;2;220;142;171m▄[48;2;252;166;213m[38;2;200;116;148m▄[48;2;231;159;201m[38;2;204;121;152m▄[48;2;136;117;18m[38;2;84;80;73m▄[48;2;255;46;30m[38;2;195;255;228m▄[48;2;86;67;33m[38;2;160;151;46m▄[48;2;46;68;37m[38;2;50;52;38m▄[48;2;242;124;171m[38;2;220;102;157m▄[48;2;229;78;133m[38;2;241;84;141m▄[48;2;222;78;123m[38;2;252;75;127m▄[48;2;234;70;129m[38;2;198;46;108m▄[48;2;147;32;86m[38;2;157;44;93m▄[48;2;96;7;55m[38;2;166;36;105m▄[48;2;127;31;79m[38;2;92;0;38m▄[48;2;129;21;76m[38;2;70;10;42m▄[48;2;123;28;82m[38;2;81;2;39m▄[48;2;159;27;98m[38;2;145;22;75m▄[48;2;152;21;91m[38;2;111;0;51m▄[48;2;127;9;86m[38;2;92;0;42m▄[48;2;80;0;64m[38;2;170;16;70m▄[48;2;52;0;39m[38;2;205;15;92m▄[48;2;58;7;45m[38;2;194;8;82m▄[48;2;85;0;46m[38;2;174;10;81m▄[48;2;134;0;60m[38;2;162;7;80m▄[48;2;145;3;61m[38;2;96;0;56m▄[48;2;94;0;37m[38;2;78;4;55m▄[48;2;142;0;56m[38;2;135;0;55m▄[48;2;141;0;61m[38;2;148;9;76m▄[48;2;81;0;37m[38;2;67;6;45m▄[48;2;93;1;42m[38;2;48;0;30m▄[48;2;139;0;56m[38;2;25;0;38m▄[0m
[48;2;229;164;196m[38;2;226;163;188m▄[48;2;255;255;218m[38;2;255;255;234m▄[48;2;231;180;187m[38;2;254;208;231m▄[48;2;236;188;198m[38;2;247;198;213m▄[48;2;252;200;211m[38;2;254;212;214m▄[48;2;247;196;202m[38;2;222;176;176m▄[48;2;223;171;184m[38;2;243;201;200m▄[48;2;238;184;213m[38;2;232;176;213m▄[48;2;228;166;198m[38;2;219;136;169m▄[48;2;180;109;144m[38;2;198;111;140m▄[48;2;163;99;130m[38;2;182;105;134m▄[48;2;196;110;140m[38;2;243;115;153m▄[48;2;98;92;94m[38;2;31;12;15m▄[48;2;238;238;187m[38;2;38;54;48m▄[48;2;78;88;60m[38;2;18;24;32m▄[48;2;186;154;174m[38;2;248;94;168m▄[48;2;240;109;182m[38;2;242;57;130m▄[48;2;235;61;112m[38;2;213;52;108m▄[48;2;216;52;116m[38;2;205;52;122m▄[48;2;202;55;144m[38;2;150;34;91m▄[48;2;114;4;66m[38;2;181;31;108m▄[48;2;128;20;68m[38;2;174;42;112m▄[48;2;110;14;56m[38;2;132;0;68m▄[48;2;172;38;96m[38;2;174;42;115m▄[48;2;154;20;90m[38;2;216;67;148m▄[48;2;164;26;81m[38;2;199;46;141m▄[48;2;180;39;115m[38;2;200;43;129m▄[48;2;195;28;105m[38;2;206;40;132m▄[48;2;207;24;106m[38;2;208;55;129m▄[48;2;211;14;94m[38;2;196;20;115m▄[48;2;177;4;81m[38;2;198;19;111m▄[48;2;158;1;75m[38;2;186;0;91m▄[48;2;162;0;72m[38;2;170;14;81m▄[48;2;134;14;72m[38;2;117;0;51m▄[48;2;97;0;36m[38;2;19;0;6m▄[48;2;102;8;54m[38;2;40;0;24m▄[48;2;38;0;19m[38;2;26;0;20m▄[48;2;19;0;13m[38;2;60;13;55m▄[48;2;12;0;8m[38;2;91;0;62m▄[48;2;20;0;16m[38;2;124;19;80m▄[0m
[48;2;255;186;217m[38;2;247;183;205m▄[48;2;255;220;249m[38;2;255;207;222m▄[48;2;229;184;211m[38;2;255;217;243m▄[48;2;254;205;222m[38;2;255;202;235m▄[48;2;250;196;223m[38;2;246;176;207m▄[48;2;241;184;223m[38;2;198;130;163m▄[48;2;224;164;195m[38;2;190;123;150m▄[48;2;207;124;157m[38;2;232;152;189m▄[48;2;206;126;150m[38;2;234;138;186m▄[48;2;255;178;186m[38;2;228;148;187m▄[48;2;255;213;192m[38;2;69;49;62m▄[48;2;7;12;3m[38;2;147;80;132m▄[48;2;99;129;61m[38;2;152;117;133m▄[48;2;255;254;148m[38;2;201;76;129m▄[48;2;231;116;148m[38;2;152;39;81m▄[48;2;218;63;108m[38;2;153;40;81m▄[48;2;217;50;117m[38;2;198;42;109m▄[48;2;208;54;127m[38;2;201;54;115m▄[48;2;188;36;106m[38;2;198;72;140m▄[48;2;206;62;142m[38;2;202;48;124m▄[48;2;199;43;133m[38;2;201;32;114m▄[48;2;177;18;97m[38;2;212;37;110m▄[48;2;205;39;130m[38;2;224;45;141m▄[48;2;212;66;151m[38;2;218;54;134m▄[48;2;202;43;128m[38;2;207;46;130m▄[48;2;212;30;121m[38;2;216;55;138m▄[48;2;212;57;138m[38;2;200;37;132m▄[48;2;184;62;140m[38;2;184;37;126m▄[48;2;184;50;136m[38;2;174;22;106m▄[48;2;164;36;122m[38;2;200;10;104m▄[48;2;160;28;110m[38;2;193;9;99m▄[48;2;181;40;123m[38;2;147;0;64m▄[48;2;174;14;93m[38;2;144;0;72m▄[48;2;163;7;76m[38;2;73;0;38m▄[48;2;68;0;30m[38;2;19;0;15m▄[48;2;18;0;9m[38;2;16;0;14m▄[48;2;15;0;18m[38;2;15;0;20m▄[48;2;49;0;36m[38;2;18;0;18m▄[48;2;93;1;62m[38;2;16;0;14m▄[48;2;94;0;48m[38;2;45;0;26m▄[0m
[48;2;255;212;232m[38;2;255;219;244m▄[48;2;255;223;248m[38;2;252;199;220m▄[48;2;248;198;223m[38;2;235;178;196m▄[48;2;252;183;202m[38;2;196;136;148m▄[48;2;201;133;152m[38;2;194;124;127m▄[48;2;213;138;159m[38;2;238;169;202m▄[48;2;241;164;208m[38;2;243;158;210m▄[48;2;240;145;201m[38;2;222;136;187m▄[48;2;194;94;136m[38;2;225;111;168m▄[48;2;170;68;117m[38;2;224;78;134m▄[48;2;217;102;150m[38;2;236;73;136m▄[48;2;223;115;187m[38;2;229;93;168m▄[48;2;237;91;154m[38;2;237;116;186m▄[48;2;228;70;130m[38;2;255;98;181m▄[48;2;211;62;112m[38;2;219;51;122m▄[48;2;157;25;84m[38;2;133;30;72m▄[48;2;183;44;109m[38;2;139;16;72m▄[48;2;189;51;138m[38;2;231;48;130m▄[48;2;218;36;123m[38;2;253;42;123m▄[48;2;237;54;144m[38;2;255;73;152m▄[48;2;244;62;135m[38;2;247;36;129m▄[48;2;240;43;135m[38;2;222;26;129m▄[48;2;217;40;136m[38;2;216;24;123m▄[48;2;219;52;145m[38;2;210;54;140m▄[48;2;199;58;139m[38;2;176;13;99m▄[48;2;192;43;122m[38;2;178;28;102m▄[48;2;175;20;102m[38;2;159;34;103m▄[48;2;180;30;105m[38;2;170;44;112m▄[48;2;195;22;102m[38;2;157;36;106m▄[48;2;205;19;105m[38;2;150;33;102m▄[48;2;170;12;91m[38;2;133;30;100m▄[48;2;154;21;91m[38;2;121;28;102m▄[48;2;128;6;80m[38;2;111;15;87m▄[48;2;99;9;75m[38;2;91;13;68m▄[48;2;64;3;49m[38;2;60;0;39m▄[48;2;54;0;42m[38;2;31;0;26m▄[48;2;34;0;27m[38;2;22;0;16m▄[48;2;14;0;14m[38;2;80;6;61m▄[48;2;19;0;25m[38;2;92;0;56m▄[48;2;87;6;66m[38;2;79;2;64m▄[0m
[48;2;244;193;195m[38;2;228;168;199m▄[48;2;218;165;176m[38;2;187;135;163m▄[48;2;201;144;159m[38;2;201;144;166m▄[48;2;234;157;175m[38;2;200;127;152m▄[48;2;229;157;199m[38;2;222;136;188m▄[48;2;230;159;211m[38;2;198;127;175m▄[48;2;211;142;192m[38;2;218;157;200m▄[48;2;222;144;198m[38;2;212;135;186m▄[48;2;217;110;177m[38;2;236;151;202m▄[48;2;238;94;165m[38;2;216;109;170m▄[48;2;238;72;146m[38;2;253;117;188m▄[48;2;230;105;178m[38;2;216;90;162m▄[48;2;228;112;183m[38;2;213;88;170m▄[48;2;226;94;169m[38;2;199;69;145m▄[48;2;198;61;146m[38;2;212;70;145m▄[48;2;195;50;124m[38;2;222;81;160m▄[48;2;180;32;92m[38;2;207;27;114m▄[48;2;255;55;130m[38;2;188;12;82m▄[38;2;237;25;118m▄[48;2;250;55;139m[38;2;241;37;141m▄[48;2;226;46;135m[38;2;213;8;108m▄[48;2;225;30;135m[38;2;195;22;105m▄[48;2;200;21;115m[38;2;162;39;110m▄[48;2;172;13;92m[38;2;170;4;96m▄[48;2;187;27;110m[38;2;160;19;98m▄[48;2;166;0;96m[38;2;171;12;100m▄[48;2;187;27;110m[38;2;153;0;88m▄[48;2;170;40;114m[38;2;144;12;93m▄[48;2;145;25;94m[38;2;110;8;72m▄[48;2;130;18;87m[38;2;116;20;72m▄[48;2;74;0;56m[38;2;112;10;60m▄[48;2;43;0;42m[38;2;97;4;46m▄[48;2;30;0;27m[38;2;75;0;33m▄[48;2;31;0;18m[38;2;54;3;39m▄[48;2;32;0;33m[38;2;44;7;44m▄[48;2;30;0;27m[38;2;54;8;33m▄[48;2;58;0;37m[38;2;38;6;40m▄[48;2;72;0;38m[38;2;33;0;8m▄[48;2;66;2;38m[38;2;42;9;39m▄[48;2;68;0;45m[38;2;57;9;43m▄[0m
