[38;2;143;35;30;48;2;205;97;85m▄[38;2;134;25;22;48;2;165;59;52m▄[38;2;138;33;30;48;2;135;25;26m▄[38;2;192;86;80;48;2;133;24;19m▄[38;2;138;30;23;48;2;205;97;85m▄[38;2;133;23;21;48;2;202;97;83m▄[38;2;140;38;33;48;2;134;25;28m▄[38;2;122;25;27;48;2;131;26;27m▄[38;2;174;70;59;48;2;132;27;19m▄[38;2;165;56;52;48;2;189;80;70m▄[38;2;130;29;20;48;2;202;101;80m▄[38;2;141;31;27;48;2;132;26;25m▄[38;2;149;47;33;48;2;133;24;26m▄[38;2;175;109;74;48;2;205;97;82m▄[38;2;195;151;109;48;2;206;99;86m▄[38;2;254;241;183;48;2;153;67;46m▄[38;2;254;253;208;48;2;150;57;48m▄[38;2;250;251;201;48;2;234;168;126m▄[38;2;193;194;159;48;2;255;226;170m▄[38;2;196;197;159;48;2;255;230;177m▄[38;2;192;195;164;48;2;255;233;170m▄[38;2;197;195;157;48;2;255;229;177m▄[38;2;193;197;160;48;2;255;228;179m▄[38;2;187;189;146;48;2;255;210;144m▄[38;2;240;214;119;48;2;230;154;110m▄[38;2;250;221;127;48;2;124;36;6m▄[38;2;233;189;121;48;2;130;31;17m▄[38;2;232;169;131;48;2;126;31;20m▄[38;2;102;47;94;48;2;234;179;164m▄[38;2;68;24;100;48;2;244;211;192m▄[38;2;36;75;153;48;2;144;96;162m▄[38;2;39;101;189;48;2;204;82;186m▄[38;2;159;138;210;48;2;208;164;235m▄[38;2;226;111;193;48;2;81;90;168m▄[38;2;33;47;118;48;2;33;42;109m▄[38;2;237;213;198;48;2;236;215;200m▄[38;2;141;32;29;48;2;129;23;21m▄[38;2;191;83;73;48;2;162;60;48m▄[38;2;138;27;24;48;2;207;95;90m▄[38;2;130;26;22;48;2;163;58;54m▄[38;2;133;27;26;48;2;132;25;24m▄[m
[38;2;131;25;24;48;2;134;26;29m▄[38;2;131;25;24;48;2;134;28;27m▄[38;2;132;26;25;48;2;132;26;23m▄[38;2;132;26;25;48;2;131;25;22m▄[38;2;132;26;25;48;2;132;25;22m▄[38;2;128;28;28;48;2;132;25;27m▄[38;2;112;17;20;48;2;133;26;22m▄[38;2;131;45;34;48;2;101;19;23m▄[38;2;207;142;129;48;2;166;58;47m▄[38;2;204;143;122;48;2;134;24;20m▄[38;2;237;196;153;48;2;128;32;17m▄[38;2;247;230;189;48;2;224;162;119m▄[38;2;243;228;187;48;2;255;250;199m▄[38;2;181;174;137;48;2;250;254;210m▄[38;2;162;171;150;48;2;246;248;205m▄[38;2;55;81;91;48;2;74;94;94m▄[38;2;209;214;183;48;2;52;66;59m▄[38;2;152;164;144;48;2;50;64;65m▄[38;2;245;237;181;48;2;219;224;177m▄[38;2;161;160;152;48;2;170;185;178m▄[38;2;163;163;155;48;2;40;65;82m▄[38;2;230;193;147;48;2;52;64;60m▄[38;2;117;103;121;48;2;80;92;90m▄[38;2;118;99;107;48;2;206;179;133m▄[38;2;112;49;132;48;2;240;217;179m▄[38;2;114;48;125;48;2;233;217;185m▄[38;2;41;64;132;48;2;115;99;99m▄[38;2;14;83;168;48;2;46;40;83m▄[38;2;43;122;214;48;2;162;83;174m▄[38;2;152;115;193;48;2;231;102;189m▄[38;2;235;155;213;48;2;91;117;193m▄[38;2;114;169;240;48;2;16;149;235m▄[38;2;18;101;181;48;2;53;167;250m▄[38;2;45;70;143;48;2;109;56;144m▄[38;2;143;50;123;48;2;124;59;135m▄[38;2;254;206;189;48;2;243;209;188m▄[38;2;132;33;28;48;2;137;36;29m▄[38;2;157;50;43;48;2;134;23;15m▄[38;2;130;27;23;48;2;132;28;24m▄[38;2;132;26;28;48;2;132;28;29m▄[38;2;133;24;25;48;2;134;24;25m▄[m
[38;2;135;36;25;48;2;135;30;24m▄[38;2;135;21;27;48;2;133;27;26m▄[38;2;133;26;27;48;2;132;26;26m▄[38;2;133;26;24;48;2;132;26;25m▄[38;2;130;26;27;48;2;132;26;25m▄[38;2;100;13;11;48;2;132;24;22m▄[38;2;128;33;30;48;2;97;15;22m▄[38;2;176;101;82;48;2;154;78;57m▄[38;2;88;27;68;48;2;106;48;74m▄[38;2;201;67;168;48;2;103;19;70m▄[38;2;175;123;200;48;2;19;21;70m▄[38;2;62;62;147;48;2;7;24;72m▄[38;2;15;74;150;48;2;49;40;64m▄[38;2;32;67;141;48;2;236;213;202m▄[38;2;34;67;139;48;2;230;215;203m▄[38;2;22;71;137;48;2;224;216;222m▄[38;2;31;68;144;48;2;229;219;208m▄[38;2;36;67;142;48;2;233;213;206m▄[38;2;23;71;146;48;2;202;179;166m▄[38;2;1;76;155;48;2;12;22;72m▄[38;2;0;77;153;48;2;9;22;72m▄[38;2;0;85;166;48;2;27;34;86m▄[38;2;45;125;216;48;2;27;73;146m▄[38;2;29;135;220;48;2;7;75;156m▄[38;2;12;131;224;48;2;40;68;151m▄[38;2;16;135;221;48;2;152;88;185m▄[38;2;161;111;203;48;2;182;74;170m▄[38;2;243;147;210;48;2;95;114;205m▄[38;2;99;156;237;48;2;9;132;222m▄[38;2;30;174;246;48;2;29;146;234m▄[38;2;36;175;238;48;2;165;134;201m▄[38;2;205;61;168;48;2;189;138;214m▄[38;2;55;59;137;48;2;29;71;147m▄[38;2;26;45;113;48;2;51;76;149m▄[38;2;252;205;161;48;2;97;34;46m▄[38;2;131;34;11;48;2;145;71;45m▄[38;2;129;24;29;48;2;134;22;27m▄[38;2;132;26;25;48;2;167;56;51m▄[38;2;140;37;32;48;2;132;25;23m▄[38;2;131;25;27;48;2;131;27;28m▄[38;2;131;27;25;48;2;132;26;24m▄[m
[38;2;133;25;28;48;2;131;24;27m▄[38;2;132;28;23;48;2;142;38;35m▄[38;2;130;27;27;48;2;131;25;21m▄[38;2;106;3;10;48;2;126;25;26m▄[38;2;130;28;27;48;2;109;15;20m▄[38;2;112;42;23;48;2;128;24;29m▄[38;2;255;252;207;48;2;129;70;46m▄[38;2;246;245;212;48;2;252;241;195m▄[38;2;90;30;60;48;2;91;28;71m▄[38;2;121;63;154;48;2;119;63;153m▄[38;2;21;73;152;48;2;39;40;110m▄[38;2;62;30;99;48;2;211;105;191m▄[38;2;111;55;132;48;2;87;64;137m▄[38;2;193;119;205;48;2;33;75;164m▄[38;2;78;122;208;48;2;5;84;166m▄[38;2;22;133;220;48;2;4;83;172m▄[38;2;11;135;221;48;2;9;93;181m▄[38;2;9;135;224;48;2;10;134;221m▄[38;2;0;133;221;48;2;23;133;218m▄[38;2;9;135;218;48;2;31;132;222m▄[38;2;3;134;223;48;2;22;131;222m▄[38;2;4;134;223;48;2;12;132;220m▄[38;2;0;136;224;48;2;5;132;219m▄[38;2;31;168;252;48;2;1;134;224m▄[38;2;43;169;250;48;2;5;132;220m▄[38;2;19;173;248;48;2;4;139;226m▄[38;2;81;197;255;48;2;59;159;238m▄[38;2;150;178;234;48;2;230;158;207m▄[38;2;243;153;210;48;2;184;169;224m▄[38;2;74;122;199;48;2;84;201;255m▄[38;2;11;45;117;48;2;33;122;206m▄[38;2;41;50;119;48;2;113;61;145m▄[38;2;143;49;131;48;2;139;50;138m▄[38;2;199;153;144;48;2;74;46;91m▄[38;2;211;190;106;48;2;250;205;158m▄[38;2;226;183;91;48;2;130;34;14m▄[38;2;124;32;18;48;2;133;21;29m▄[38;2;132;26;24;48;2;133;27;26m▄[38;2;129;29;29;48;2;133;23;21m▄[38;2;127;29;22;48;2;145;35;36m▄[38;2;132;25;25;48;2;134;23;24m▄[m
[38;2;161;57;51;48;2;131;28;21m▄[38;2;134;23;24;48;2;135;24;25m▄[38;2;160;52;43;48;2;131;27;29m▄[38;2;205;98;81;48;2;131;27;24m▄[38;2;226;203;160;48;2;165;74;53m▄[38;2;251;253;217;48;2;252;254;206m▄[38;2;40;65;83;48;2;163;170;154m▄[38;2;98;112;102;48;2;77;85;83m▄[38;2;90;93;69;48;2;231;188;166m▄[38;2;162;84;93;48;2;151;54;132m▄[38;2;101;37;21;48;2;41;56;114m▄[38;2;216;130;45;48;2;115;67;55m▄[38;2;219;135;32;48;2;120;55;55m▄[38;2;166;95;27;48;2;149;48;109m▄[38;2;108;30;21;48;2;190;82;164m▄[38;2;150;47;128;48;2;123;103;195m▄[38;2;158;84;180;48;2;30;134;225m▄[38;2;102;154;242;48;2;10;139;229m▄[38;2;2;175;249;48;2;12;152;238m▄[38;2;28;172;248;48;2;16;151;237m▄[38;2;75;197;255;48;2;12;158;243m▄[38;2;108;188;252;48;2;35;172;251m▄[38;2;132;183;244;48;2;56;181;249m▄[38;2;129;183;246;48;2;58;181;247m▄[38;2;76;190;253;48;2;86;195;255m▄[38;2;15;134;220;48;2;87;195;255m▄[38;2;29;133;211;48;2;55;177;244m▄[38;2;22;72;147;48;2;57;150;225m▄[38;2;158;67;157;48;2;209;110;188m▄[38;2;180;75;166;48;2;188;100;180m▄[38;2;23;42;110;48;2;14;21;86m▄[38;2;63;71;152;48;2;29;57;128m▄[38;2;182;75;161;48;2;183;74;171m▄[38;2;203;153;134;48;2;198;155;154m▄[38;2;186;192;159;48;2;45;58;39m▄[38;2;54;62;59;48;2;184;175;90m▄[38;2;167;144;63;48;2;172;120;63m▄[38;2;186;112;70;48;2;135;23;21m▄[38;2;146;39;38;48;2;131;26;24m▄[38;2;134;26;20;48;2;133;26;28m▄[38;2;197;89;77;48;2;132;25;20m▄[m
[38;2;130;22;27;48;2;131;29;20m▄[38;2;132;24;17;48;2;130;26;23m▄[38;2;139;44;27;48;2;162;53;40m▄[38;2;252;236;172;48;2;220;151;111m▄[38;2;118;135;120;48;2;252;254;208m▄[38;2;232;242;217;48;2;83;105;86m▄[38;2;248;253;216;48;2;194;206;184m▄[38;2;74;94;94;48;2;70;103;112m▄[38;2;224;169;134;48;2;242;223;186m▄[38;2;144;65;33;48;2;146;74;33m▄[38;2;118;39;0;48;2;162;98;24m▄[38;2;217;130;56;48;2;216;125;44m▄[38;2;255;190;48;48;2;222;143;5m▄[38;2;218;135;12;48;2;254;189;47m▄[38;2;226;141;102;48;2;230;150;23m▄[38;2;121;39;76;48;2;185;114;85m▄[38;2;149;41;118;48;2;116;38;87m▄[38;2;219;111;192;48;2;98;28;100m▄[38;2;140;96;187;48;2;65;65;132m▄[38;2;153;90;175;48;2;69;70;126m▄[38;2;155;86;176;48;2;58;66;122m▄[38;2;213;75;167;48;2;137;67;148m▄[38;2;254;145;214;48;2;194;99;172m▄[38;2;255;148;216;48;2;201;101;173m▄[38;2;226;137;194;48;2;40;65;130m▄[38;2;32;14;71;48;2;6;69;133m▄[38;2;15;18;87;48;2;17;24;97m▄[38;2;12;20;81;48;2;10;19;84m▄[38;2;122;49;128;48;2;129;47;132m▄[38;2;129;58;142;48;2;131;54;140m▄[38;2;70;87;172;48;2;47;92;168m▄[38;2;138;66;116;48;2;135;73;168m▄[38;2;238;213;208;48;2;96;31;70m▄[38;2;96;94;66;48;2;233;194;125m▄[38;2;43;48;17;48;2;38;54;60m▄[38;2;63;62;26;48;2;122;133;102m▄[38;2;134;130;84;48;2;94;85;48m▄[38;2;160;143;82;48;2;167;142;62m▄[38;2;148;79;39;48;2;144;41;27m▄[38;2;130;28;23;48;2;133;24;19m▄[38;2;132;25;25;48;2;142;37;27m▄[m
[38;2;131;25;26;48;2;132;26;23m▄[38;2;131;28;18;48;2;132;24;24m▄[38;2;199;160;119;48;2;172;107;76m▄[38;2;246;250;207;48;2;251;254;210m▄[38;2;92;109;110;48;2;51;71;83m▄[38;2;55;71;80;48;2;238;254;247m▄[38;2;186;158;160;48;2;244;252;221m▄[38;2;167;97;106;48;2;129;109;80m▄[38;2;165;92;48;48;2;109;37;2m▄[38;2;137;60;21;48;2;133;62;19m▄[38;2;143;71;68;48;2;168;93;26m▄[38;2;133;34;87;48;2;199;127;79m▄[38;2;169;59;138;48;2;156;88;37m▄[38;2;178;162;223;48;2;122;44;53m▄[38;2;134;181;244;48;2;232;157;213m▄[38;2;140;213;249;48;2;210;167;216m▄[38;2;77;185;245;48;2;125;156;227m▄[38;2;3;174;253;48;2;99;159;232m▄[38;2;52;166;252;48;2;2;146;233m▄[38;2;91;115;198;48;2;26;112;197m▄[38;2;37;67;147;48;2;33;67;149m▄[38;2;173;52;141;48;2;204;60;166m▄[38;2;154;43;125;48;2;162;36;128m▄[38;2;214;71;165;48;2;255;141;219m▄[38;2;215;98;179;48;2;195;84;158m▄[38;2;33;8;42;48;2;29;9;46m▄[38;2;26;62;134;48;2;30;41;108m▄[38;2;49;74;156;48;2;16;46;112m▄[38;2;147;53;149;48;2;119;55;141m▄[38;2;173;64;149;48;2;134;50;136m▄[38;2;231;181;160;48;2;21;19;66m▄[38;2;210;176;89;48;2;180;153;136m▄[38;2;83;91;52;48;2;34;49;57m▄[38;2;35;47;56;48;2;107;114;100m▄[38;2;74;79;53;48;2;41;51;29m▄[38;2;37;49;52;48;2;42;48;34m▄[38;2;44;57;51;48;2;40;51;39m▄[38;2;35;50;46;48;2;58;63;54m▄[38;2;160;139;57;48;2;174;140;59m▄[38;2;136;43;29;48;2;129;28;21m▄[38;2;132;25;24;48;2;131;26;24m▄[m
[38;2;136;33;29;48;2;132;28;25m▄[38;2;148;51;36;48;2;132;28;20m▄[38;2;254;254;208;48;2;254;243;183m▄[38;2;42;67;70;48;2;77;94;86m▄[38;2;166;178;167;48;2;48;64;67m▄[38;2;54;87;89;48;2;244;254;239m▄[38;2;226;203;181;48;2;87;36;51m▄[38;2;35;35;98;48;2;168;83;160m▄[38;2;98;65;155;48;2;127;33;85m▄[38;2;87;51;129;48;2;115;30;76m▄[38;2;74;43;112;48;2;145;48;126m▄[38;2;17;17;80;48;2;135;50;136m▄[38;2;5;39;112;48;2;62;69;146m▄[38;2;28;132;221;48;2;40;145;234m▄[38;2;10;163;248;48;2;22;173;252m▄[38;2;54;182;246;48;2;123;216;254m▄[38;2;175;186;233;48;2;128;217;254m▄[38;2;236;159;204;48;2;123;152;222m▄[38;2;106;25;87;48;2;187;121;203m▄[38;2;235;103;191;48;2;180;112;196m▄[38;2;126;38;95;48;2;161;83;174m▄[38;2;161;83;50;48;2;111;34;64m▄[38;2;143;76;44;48;2;103;16;69m▄[38;2;142;73;65;48;2;190;69;158m▄[38;2;179;101;47;48;2;174;71;129m▄[38;2;178;105;40;48;2;202;131;108m▄[38;2;180;100;50;48;2;87;67;90m▄[38;2;180;83;80;48;2;114;71;159m▄[38;2;106;29;57;48;2;196;68;160m▄[38;2;255;211;167;48;2;92;30;50m▄[38;2;140;59;26;48;2;118;38;16m▄[38;2;128;44;27;48;2;171;117;51m▄[38;2;185;156;67;48;2;209;194;94m▄[38;2;82;79;52;48;2;43;53;60m▄[38;2;85;80;39;48;2;49;48;18m▄[38;2;32;55;37;48;2;36;48;57m▄[38;2;34;37;48;48;2;125;126;95m▄[38;2;81;81;70;48;2;41;48;59m▄[38;2;77;75;45;48;2;113;109;66m▄[38;2;130;96;50;48;2;142;91;47m▄[38;2;109;20;18;48;2;132;26;25m▄[m
[38;2;134;29;25;48;2;131;25;19m▄[38;2;255;233;168;48;2;230;171;111m▄[38;2;171;174;152;48;2;245;249;201m▄[38;2;46;62;72;48;2;44;66;80m▄[38;2;175;195;171;48;2;47;62;73m▄[38;2;230;241;219;48;2;234;241;204m▄[38;2;50;65;52;48;2;89;94;60m▄[38;2;189;163;165;48;2;162;144;142m▄[38;2;68;90;175;48;2;56;92;169m▄[38;2;7;74;152;48;2;15;72;155m▄[38;2;13;72;149;48;2;21;46;115m▄[38;2;27;44;107;48;2;13;21;82m▄[38;2;17;18;87;48;2;19;21;90m▄[38;2;22;44;116;48;2;43;127;209m▄[38;2;117;125;210;48;2;20;149;239m▄[38;2;225;107;187;48;2;124;149;225m▄[38;2;195;109;106;48;2;235;156;213m▄[38;2;237;160;51;48;2;124;46;43m▄[38;2;46;12;42;48;2;93;25;61m▄[38;2;133;105;160;48;2;177;86;144m▄[38;2;28;11;41;48;2;201;144;171m▄[38;2;30;14;27;48;2;164;97;79m▄[38;2;158;96;48;48;2;169;92;34m▄[38;2;110;39;0;48;2;215;132;71m▄[38;2;221;142;5;48;2;249;176;57m▄[38;2;254;187;51;48;2;175;95;2m▄[38;2;171;93;23;48;2;163;87;37m▄[38;2;216;130;66;48;2;254;182;92m▄[38;2;224;160;61;48;2;131;57;7m▄[38;2;255;183;75;48;2;232;170;116m▄[38;2;167;98;7;48;2;240;166;118m▄[38;2;152;90;42;48;2;138;57;33m▄[38;2;254;212;157;48;2;167;144;58m▄[38;2;228;187;148;48;2;75;80;55m▄[38;2;51;45;43;48;2;25;34;44m▄[38;2;60;45;23;48;2;31;37;22m▄[38;2;34;36;17;48;2;51;49;38m▄[38;2;31;37;25;48;2;40;37;23m▄[38;2;25;35;46;48;2;65;66;57m▄[38;2;118;103;45;48;2;120;102;47m▄[38;2;120;44;23;48;2;121;41;26m▄[m
[38;2;134;24;25;48;2;194;86;76m▄[38;2;253;235;167;48;2;255;233;169m▄[38;2;173;174;135;48;2;167;176;131m▄[38;2;231;239;218;48;2;194;194;158m▄[38;2;230;239;208;48;2;103;113;104m▄[38;2;232;239;207;48;2;46;63;72m▄[38;2;221;222;186;48;2;45;66;83m▄[38;2;99;98;96;48;2;163;160;154m▄[38;2;15;20;69;48;2;41;64;121m▄[38;2;41;80;164;48;2;37;82;165m▄[38;2;8;74;153;48;2;1;75;153m▄[38;2;25;74;145;48;2;23;48;113m▄[38;2;26;47;117;48;2;30;39;101m▄[38;2;144;50;137;48;2;59;17;90m▄[38;2;111;33;81;48;2;190;78;171m▄[38;2;153;100;108;48;2;144;56;58m▄[38;2;152;84;41;48;2;204;126;48m▄[38;2;252;184;72;48;2;241;189;95m▄[38;2;226;166;158;48;2;191;156;182m▄[38;2;115;170;208;48;2;16;52;120m▄[38;2;211;255;239;48;2;109;191;196m▄[38;2;89;137;132;48;2;109;157;164m▄[38;2;219;118;150;48;2;235;163;147m▄[38;2;120;59;57;48;2;112;38;14m▄[38;2;215;136;19;48;2;225;138;10m▄[38;2;254;187;33;48;2;255;188;26m▄[38;2;213;139;34;48;2;163;89;26m▄[38;2;171;94;9;48;2;220;132;50m▄[38;2;135;54;8;48;2;114;40;4m▄[38;2;211;133;64;48;2;214;137;52m▄[38;2;117;41;0;48;2;250;181;50m▄[38;2;187;112;10;48;2;208;135;25m▄[38;2;253;186;65;48;2;134;63;12m▄[38;2;255;185;53;48;2;192;126;68m▄[38;2;233;161;56;48;2;225;179;146m▄[38;2;168;97;5;48;2;221;173;125m▄[38;2;107;41;0;48;2;142;121;80m▄[38;2;102;42;0;48;2;85;80;63m▄[38;2;180;137;106;48;2;53;50;57m▄[38;2;123;101;44;48;2;114;103;47m▄[38;2;123;41;20;48;2;119;45;22m▄[m
[38;2;135;25;29;48;2;130;30;20m▄[38;2;255;234;163;48;2;254;234;166m▄[38;2;172;175;137;48;2;173;173;141m▄[38;2;46;65;67;48;2;44;65;69m▄[38;2;130;130;78;48;2;156;162;127m▄[38;2;247;240;175;48;2;143;158;117m▄[38;2;230;237;226;48;2;45;64;69m▄[38;2;100;107;86;48;2;97;102;97m▄[38;2;200;178;152;48;2;25;17;70m▄[38;2;50;68;147;48;2;42;82;161m▄[38;2;19;73;154;48;2;0;76;147m▄[38;2;50;66;148;48;2;8;74;156m▄[38;2;144;45;124;48;2;114;52;137m▄[38;2;207;132;86;48;2;121;32;94m▄[38;2;47;6;15;48;2;106;61;63m▄[38;2;184;202;223;48;2;12;22;69m▄[38;2;20;56;44;48;2;100;100;86m▄[38;2;118;112;82;48;2;151;87;18m▄[38;2;169;93;39;48;2;247;175;103m▄[38;2;216;154;121;48;2;208;179;186m▄[38;2;255;227;228;48;2;228;229;224m▄[38;2;255;205;221;48;2;208;141;186m▄[38;2;247;197;197;48;2;236;159;185m▄[38;2;106;67;84;48;2;110;64;71m▄[38;2;128;45;6;48;2;149;69;18m▄[38;2;220;136;1;48;2;241;177;21m▄[38;2;254;189;31;48;2;241;170;28m▄[38;2;110;38;0;48;2;114;35;0m▄[38;2;247;177;50;48;2;204;118;20m▄[38;2;171;94;30;48;2;141;64;10m▄[38;2;220;132;31;48;2;215;137;18m▄[38;2;236;151;23;48;2;191;105;26m▄[38;2;215;139;11;48;2;170;93;19m▄[38;2;216;134;41;48;2;167;87;28m▄[38;2;219;132;49;48;2;177;103;38m▄[38;2;220;133;49;48;2;170;108;37m▄[38;2;173;92;18;48;2;172;101;50m▄[38;2;114;37;1;48;2;158;78;33m▄[38;2;117;35;3;48;2;121;47;18m▄[38;2;113;38;0;48;2;240;189;140m▄[38;2;111;40;0;48;2;210;153;118m▄[m
[38;2;138;28;31;48;2;156;52;48m▄[38;2;232;158;115;48;2;252;221;145m▄[38;2;245;235;157;48;2;183;183;147m▄[38;2;47;65;72;48;2;47;65;77m▄[38;2;63;73;62;48;2;64;77;55m▄[38;2;46;64;73;48;2;62;76;59m▄[38;2;49;60;69;48;2;42;65;79m▄[38;2;177;189;142;48;2;60;74;71m▄[38;2;238;215;198;48;2;239;215;188m▄[38;2;46;57;132;48;2;45;58;133m▄[38;2;52;63;147;48;2;14;73;155m▄[38;2;155;41;134;48;2;126;56;139m▄[38;2;116;46;22;48;2;124;46;90m▄[38;2;252;179;55;48;2;249;184;77m▄[38;2;204;135;16;48;2;190;115;48m▄[38;2;164;91;42;48;2;103;37;60m▄[38;2;164;65;119;48;2;167;97;159m▄[38;2;178;89;137;48;2;222;154;183m▄[38;2;151;104;130;48;2;250;192;204m▄[38;2;245;194;198;48;2;241;202;192m▄[38;2;201;149;163;48;2;235;203;210m▄[38;2;244;197;196;48;2;253;229;229m▄[38;2;246;196;197;48;2;246;197;206m▄[38;2;229;161;180;48;2;148;100;122m▄[38;2;195;131;133;48;2;119;44;17m▄[38;2;214;134;36;48;2;219;135;20m▄[38;2;253;188;28;48;2;254;193;12m▄[38;2;112;37;11;48;2;108;37;10m▄[38;2;196;114;45;48;2;215;140;47m▄[38;2;252;179;77;48;2;252;181;77m▄[38;2;161;85;73;48;2;171;96;25m▄[38;2;107;52;62;48;2;190;114;17m▄[38;2;120;75;67;48;2;233;165;56m▄[38;2;198;143;100;48;2;252;185;48m▄[38;2;251;184;54;48;2;237;160;31m▄[38;2;252;182;57;48;2;220;135;1m▄[38;2;252;183;48;48;2;223;135;1m▄[38;2;252;182;53;48;2;220;135;1m▄[38;2;229;144;29;48;2;247;172;38m▄[38;2;222;132;1;48;2;240;156;40m▄[38;2;213;127;50;48;2;220;135;22m▄[m
[38;2;129;28;24;48;2;134;25;25m▄[38;2;130;28;19;48;2;129;27;17m▄[38;2;238;210;121;48;2;253;240;156m▄[38;2;138;135;102;48;2;46;65;71m▄[38;2;181;185;128;48;2;184;185;127m▄[38;2;57;83;73;48;2;51;65;58m▄[38;2;134;130;117;48;2;55;64;63m▄[38;2;131;135;129;48;2;48;66;61m▄[38;2;231;196;169;48;2;235;216;195m▄[38;2;93;59;134;48;2;46;58;133m▄[38;2;226;109;184;48;2;168;81;171m▄[38;2;132;57;52;48;2;104;21;78m▄[38;2;158;76;18;48;2;218;134;39m▄[38;2;197;109;17;48;2;175;95;0m▄[38;2;219;151;28;48;2;238;165;40m▄[38;2;167;100;1;48;2;168;95;12m▄[38;2;126;45;10;48;2;120;47;34m▄[38;2;231;168;134;48;2;91;28;51m▄[38;2;100;53;60;48;2;188;146;175m▄[38;2;135;76;58;48;2;193;148;169m▄[38;2;106;55;40;48;2;193;146;165m▄[38;2;133;76;62;48;2;225;164;173m▄[38;2;107;64;81;48;2;149;101;117m▄[38;2;223;174;193;48;2;228;164;177m▄[38;2;189;122;87;48;2;236;172;170m▄[38;2;218;134;32;48;2;218;133;33m▄[38;2;197;131;33;48;2;232;166;22m▄[38;2;139;82;37;48;2;110;37;8m▄[38;2;112;48;21;48;2;169;105;37m▄[38;2;214;135;56;48;2;213;133;47m▄[38;2;245;199;185;48;2;224;162;172m▄[38;2;255;226;240;48;2;245;198;199m▄[38;2;241;200;196;48;2;241;201;196m▄[38;2;246;197;197;48;2;246;197;201m▄[38;2;215;165;185;48;2;125;65;31m▄[38;2;101;117;121;48;2;216;135;38m▄[38;2;50;93;154;48;2;209;134;68m▄[38;2;24;17;65;48;2;209;136;69m▄[38;2;159;78;30;48;2;217;133;44m▄[38;2;192;112;24;48;2;174;94;1m▄[38;2;148;75;21;48;2;201;120;61m▄[m
[38;2;140;33;26;48;2;137;26;28m▄[38;2;132;26;24;48;2;132;27;23m▄[38;2;202;120;86;48;2;187;128;59m▄[38;2;239;224;142;48;2;235;225;133m▄[38;2;105;88;84;48;2;58;63;57m▄[38;2;135;82;52;48;2;237;212;196m▄[38;2;204;144;69;48;2;49;8;0m▄[38;2;235;177;88;48;2;49;9;0m▄[38;2;229;180;121;48;2;54;6;3m▄[38;2;201;159;127;48;2;196;101;165m▄[38;2;92;37;50;48;2;182;76;153m▄[38;2;204;124;70;48;2;202;127;81m▄[38;2;162;84;27;48;2;122;53;6m▄[38;2;255;184;60;48;2;218;137;3m▄[38;2;222;144;35;48;2;193;112;12m▄[38;2;191;113;13;48;2;213;137;26m▄[38;2;213;138;31;48;2;169;91;27m▄[38;2;157;83;33;48;2;105;42;2m▄[38;2;234;178;135;48;2;254;211;170m▄[38;2;122;84;84;48;2;122;58;14m▄[38;2;124;69;57;48;2;168;92;40m▄[38;2;148;89;52;48;2;146;73;26m▄[38;2;228;193;104;48;2;98;44;11m▄[38;2;137;33;24;48;2;110;35;31m▄[38;2;216;169;141;48;2;217;164;101m▄[38;2;220;131;40;48;2;219;134;33m▄[38;2;167;85;27;48;2;180;113;39m▄[38;2;218;160;168;48;2;102;39;30m▄[38;2;249;197;199;48;2;225;160;166m▄[38;2;240;201;198;48;2;102;40;13m▄[38;2;244;201;192;48;2;246;199;197m▄[38;2;239;201;202;48;2;242;200;201m▄[38;2;82;96;131;48;2;245;201;193m▄[38;2;101;155;213;48;2;230;203;214m▄[38;2;84;193;255;48;2;18;74;133m▄[38;2;21;171;254;48;2;86;194;255m▄[38;2;29;141;229;48;2;34;161;245m▄[38;2;12;126;203;48;2;25;72;146m▄[38;2;103;81;90;48;2;161;96;32m▄[38;2;71;25;13;48;2;165;94;16m▄[38;2;168;107;87;48;2;59;20;8m▄[m
[38;2;129;24;20;48;2;132;28;25m▄[38;2;131;27;28;48;2;131;26;23m▄[38;2;170;98;78;48;2;157;65;45m▄[38;2;33;13;21;48;2;246;208;188m▄[38;2;200;136;63;48;2;124;76;37m▄[38;2;234;188;111;48;2;208;154;76m▄[38;2;114;44;0;48;2;233;184;108m▄[38;2;177;104;40;48;2;212;151;95m▄[38;2;216;148;97;48;2;208;147;101m▄[38;2;134;66;9;48;2;228;181;116m▄[38;2;202;155;95;48;2;232;204;151m▄[38;2;240;200;152;48;2;158;87;45m▄[38;2;128;51;7;48;2;202;125;37m▄[38;2;216;131;58;48;2;213;133;58m▄[38;2;206;139;27;48;2;239;168;19m▄[38;2;255;186;39;48;2;219;136;29m▄[38;2;220;135;41;48;2;240;167;61m▄[38;2;173;94;2;48;2;216;135;45m▄[38;2;111;39;3;48;2;114;38;0m▄[38;2;154;85;80;48;2;200;143;159m▄[38;2;248;196;198;48;2;194;148;167m▄[38;2;229;162;167;48;2;138;79;74m▄[38;2;238;162;154;48;2;185;131;76m▄[38;2;223;179;130;48;2;142;71;54m▄[38;2;113;33;17;48;2;235;196;188m▄[38;2;218;133;63;48;2;214;134;39m▄[38;2;164;102;99;48;2;137;63;42m▄[38;2;222;164;166;48;2;251;197;199m▄[38;2;171;110;127;48;2;246;196;201m▄[38;2;186;150;182;48;2;248;197;206m▄[38;2;52;69;116;48;2;243;199;198m▄[38;2;71;170;237;48;2;142;157;204m▄[38;2;0;138;214;48;2;59;170;241m▄[38;2;29;173;251;48;2;83;194;255m▄[38;2;82;197;253;48;2;86;194;253m▄[38;2;80;199;255;48;2;36;173;237m▄[38;2;32;169;254;48;2;31;164;248m▄[38;2;0;136;228;48;2;7;133;223m▄[38;2;29;133;221;48;2;15;52;121m▄[38;2;22;19;46;48;2;240;215;185m▄[38;2;133;59;41;48;2;140;50;25m▄[m
[38;2;134;24;25;48;2;128;28;19m▄[38;2;127;29;23;48;2;130;24;32m▄[38;2;172;100;79;48;2;172;99;76m▄[38;2;35;11;23;48;2;33;12;19m▄[38;2;206;123;37;48;2;204;134;47m▄[38;2;216;131;62;48;2;209;156;79m▄[38;2;212;135;64;48;2;184;106;38m▄[38;2;223;181;100;48;2;220;162;74m▄[38;2;210;154;81;48;2;230;200;128m▄[38;2;232;197;125;48;2;205;165;104m▄[38;2;217;149;78;48;2;125;59;13m▄[38;2;203;145;80;48;2;230;184;114m▄[38;2;242;194;130;48;2;227;174;117m▄[38;2;110;37;0;48;2;195;123;29m▄[38;2;220;134;28;48;2;209;120;23m▄[38;2;220;133;29;48;2;224;163;36m▄[38;2;206;125;33;48;2;232;162;24m▄[38;2;253;185;57;48;2;218;134;28m▄[38;2;217;137;24;48;2;175;108;101m▄[38;2;147;77;28;48;2;230;159;168m▄[38;2;156;101;98;48;2;131;92;101m▄[38;2;243;183;183;48;2;237;172;179m▄[38;2;219;165;177;48;2;215;159;170m▄[38;2;159;97;123;48;2;130;71;83m▄[38;2;225;171;178;48;2;206;139;144m▄[38;2;254;226;226;48;2;143;76;36m▄[38;2;251;212;213;48;2;200;142;141m▄[38;2;238;201;200;48;2;242;200;196m▄[38;2;78;96;139;48;2;230;179;187m▄[38;2;62;166;251;48;2;49;74;129m▄[38;2;22;133;221;48;2;37;158;233m▄[38;2;53;126;216;48;2;0;134;224m▄[38;2;97;115;203;48;2;9;133;220m▄[38;2;188;124;201;48;2;36;153;242m▄[38;2;196;169;221;48;2;71;167;243m▄[38;2;227;161;205;48;2;135;162;217m▄[38;2;227;161;207;48;2;140;161;229m▄[38;2;237;154;204;48;2;129;127;211m▄[38;2;199;120;196;48;2;81;125;209m▄[38;2;144;94;171;48;2;56;127;208m▄[38;2;168;81;169;48;2;149;139;170m▄[m
[38;2;130;26;27;48;2;140;32;33m▄[38;2;131;25;21;48;2;133;23;21m▄[38;2;111;25;19;48;2;165;89;69m▄[38;2;255;204;175;48;2;165;119;100m▄[38;2;122;74;56;48;2;155;87;20m▄[38;2;170;92;7;48;2;221;137;43m▄[38;2;122;39;0;48;2;181;114;45m▄[38;2;219;157;98;48;2;219;169;90m▄[38;2;210;152;82;48;2;125;60;10m▄[38;2;110;42;0;48;2;198;137;60m▄[38;2;107;41;0;48;2;178;108;39m▄[38;2;234;183;106;48;2;203;145;85m▄[38;2;216;149;61;48;2;235;180;98m▄[38;2;112;41;0;48;2;113;34;7m▄[38;2;170;113;83;48;2;169;90;24m▄[38;2;167;95;32;48;2;220;133;28m▄[38;2;217;134;44;48;2;195;108;39m▄[38;2;216;133;49;48;2;131;56;5m▄[38;2;117;37;1;48;2;154;85;30m▄[38;2;100;38;25;48;2;204;126;28m▄[38;2;103;39;18;48;2;201;120;53m▄[38;2;107;34;39;48;2;146;76;55m▄[38;2;98;22;79;48;2;208;162;181m▄[38;2;112;38;92;48;2;243;184;196m▄[38;2;246;195;205;48;2;240;206;203m▄[38;2;246;198;201;48;2;254;226;236m▄[38;2;121;111;150;48;2;242;205;205m▄[38;2;21;72;159;48;2;75;79;120m▄[38;2;39;121;206;48;2;20;130;216m▄[38;2;113;114;190;48;2;26;133;225m▄[38;2;229;157;203;48;2;144;161;228m▄[38;2;51;28;84;48;2;180;126;205m▄[38;2;78;35;83;48;2;108;37;95m▄[38;2;85;28;79;48;2;71;13;63m▄[38;2;41;9;49;48;2;32;8;44m▄[38;2;187;146;177;48;2;76;48;76m▄[38;2;202;146;172;48;2;113;79;105m▄[38;2;241;199;205;48;2;139;104;133m▄[38;2;245;199;202;48;2;150;108;132m▄[38;2;221;162;178;48;2;71;23;68m▄[38;2;101;45;88;48;2;78;19;75m▄[m
[38;2;144;43;18;48;2;133;24;21m▄[38;2;140;27;27;48;2;131;26;27m▄[38;2;131;45;32;48;2;128;26;32m▄[38;2;206;172;160;48;2;154;66;45m▄[38;2;205;152;120;48;2;240;203;172m▄[38;2;119;53;6;48;2;113;35;0m▄[38;2;179;104;8;48;2;214;131;25m▄[38;2;223;132;25;48;2;184;111;51m▄[38;2;138;54;13;48;2;211;138;66m▄[38;2;146;101;65;48;2;236;184;107m▄[38;2;186;118;50;48;2;234;187;106m▄[38;2;195;116;57;48;2;206;146;51m▄[38;2;131;90;60;48;2;203;121;45m▄[38;2;138;122;83;48;2;255;210;148m▄[38;2;212;177;118;48;2;169;150;146m▄[38;2;13;65;128;48;2;104;119;168m▄[38;2;44;129;211;48;2;82;48;54m▄[38;2;37;150;226;48;2;102;40;11m▄[38;2;60;167;236;48;2;89;44;26m▄[38;2;38;151;233;48;2;68;73;109m▄[38;2;64;37;91;48;2;74;62;118m▄[38;2;125;71;154;48;2;154;84;143m▄[38;2;105;91;109;48;2;92;54;114m▄[38;2;102;90;113;48;2;75;60;104m▄[38;2;84;68;129;48;2;206;144;196m▄[38;2;82;31;77;48;2;44;7;50m▄[38;2;100;55;131;48;2;39;69;145m▄[38;2;93;51;141;48;2;14;76;150m▄[38;2;178;61;147;48;2;159;116;199m▄[38;2;41;48;113;48;2;217;108;186m▄[38;2;5;141;222;48;2;63;63;139m▄[38;2;40;133;215;48;2;23;111;187m▄[38;2;82;30;89;48;2;80;29;88m▄[38;2;185;57;155;48;2;165;59;142m▄[38;2;194;67;160;48;2;139;53;122m▄[38;2;83;30;74;48;2;37;4;41m▄[38;2;68;33;72;48;2;186;148;176m▄[38;2;187;147;171;48;2;248;195;204m▄[38;2;235;195;201;48;2;246;216;221m▄[38;2;252;222;225;48;2;255;225;229m▄[38;2;243;208;212;48;2;229;166;183m▄[m
[38;2;134;23;24;48;2;148;38;38m▄[38;2;128;29;25;48;2;137;22;18m▄[38;2;132;26;24;48;2;182;105;89m▄[38;2;174;112;95;48;2;38;12;15m▄[38;2;127;78;62;48;2;156;96;52m▄[38;2;179;124;49;48;2;237;182;116m▄[38;2;226;174;105;48;2;211;154;76m▄[38;2;237;195;120;48;2;208;140;26m▄[38;2;230;181;109;48;2;169;97;9m▄[38;2;208;144;65;48;2;125;64;40m▄[38;2;153;95;53;48;2;55;5;8m▄[38;2;233;188;156;48;2;253;206;166m▄[38;2;147;84;36;48;2;162;145;70m▄[38;2;167;141;65;48;2;51;50;24m▄[38;2;149;126;133;48;2;217;176;126m▄[38;2;28;113;199;48;2;24;72;147m▄[38;2;7;166;246;48;2;9;144;230m▄[38;2;35;171;254;48;2;26;171;254m▄[38;2;0;136;227;48;2;3;149;235m▄[38;2;115;107;195;48;2;52;127;217m▄[38;2;151;48;128;48;2;92;21;93m▄[38;2;73;27;81;48;2;116;62;145m▄[38;2;126;72;152;48;2;119;102;127m▄[38;2;146;92;165;48;2;118;106;126m▄[38;2;121;67;135;48;2;98;58;132m▄[38;2;40;69;143;48;2;81;29;98m▄[38;2;116;56;133;48;2;78;43;112m▄[38;2;44;24;86;48;2;140;52;127m▄[38;2;24;100;183;48;2;63;56;128m▄[38;2;27;157;237;48;2;23;135;218m▄[38;2;27;118;192;48;2;25;174;250m▄[38;2;18;79;166;48;2;25;118;205m▄[38;2;80;30;91;48;2;78;32;86m▄[38;2;152;42;134;48;2;161;37;131m▄[38;2;207;60;163;48;2;206;57;168m▄[38;2;185;49;147;48;2;103;12;87m▄[38;2;99;27;85;48;2;105;38;96m▄[38;2;144;48;128;48;2;46;4;46m▄[38;2;103;49;102;48;2;189;148;170m▄[38;2;187;147;170;48;2;242;198;202m▄[38;2;238;195;201;48;2;252;222;227m▄[m
[38;2;132;24;28;48;2;131;27;20m▄[38;2;133;24;25;48;2;131;26;26m▄[38;2;130;26;24;48;2;130;27;25m▄[38;2;133;25;29;48;2;131;27;20m▄[38;2;158;64;49;48;2;227;173;143m▄[38;2;241;209;177;48;2;61;7;0m▄[38;2;44;66;119;48;2;149;99;69m▄[38;2;20;95;173;48;2;178;144;111m▄[38;2;18;74;151;48;2;177;142;108m▄[38;2;126;114;135;48;2;147;100;66m▄[38;2;157;86;58;48;2;49;11;0m▄[38;2;131;26;28;48;2;127;48;34m▄[38;2;146;43;29;48;2;133;26;18m▄[38;2;226;178;131;48;2;227;172;123m▄[38;2;30;92;168;48;2;129;131;160m▄[38;2;41;129;213;48;2;10;133;218m▄[38;2;169;118;207;48;2;18;142;233m▄[38;2;193;74;162;48;2;113;154;237m▄[38;2;110;46;94;48;2;89;120;193m▄[38;2;95;41;109;48;2;227;141;216m▄[38;2;50;58;119;48;2;95;22;85m▄[38;2;138;58;145;48;2;78;66;137m▄[38;2;47;122;204;48;2;27;7;67m▄[38;2;19;133;220;48;2;24;8;78m▄[38;2;39;167;250;48;2;14;86;163m▄[38;2;221;156;216;48;2;67;58;145m▄[38;2;69;19;82;48;2;135;56;119m▄[38;2;21;74;149;48;2;32;72;142m▄[38;2;29;64;141;48;2;26;70;153m▄[38;2;48;117;197;48;2;13;72;148m▄[38;2;16;134;218;48;2;0;28;106m▄[38;2;64;92;165;48;2;49;106;183m▄[38;2;114;36;106;48;2;85;26;88m▄[38;2;155;42;128;48;2;154;41;128m▄[38;2;162;36;137;48;2;166;35;135m▄[38;2;208;59;166;48;2;212;57;166m▄[38;2;137;40;118;48;2;134;44;115m▄[38;2;190;151;142;48;2;109;40;105m▄[38;2;213;188;175;48;2;134;58;120m▄[38;2;212;186;175;48;2;36;7;45m▄[38;2;73;42;56;48;2;188;148;172m▄[m
