[38;2;4;36;91;48;2;0;44;89m▄[38;2;2;37;86;48;2;4;38;90m▄[38;2;4;7;74;48;2;0;4;77m▄[38;2;0;3;81;48;2;1;2;72m▄[38;2;2;2;74;48;2;3;2;76m▄[38;2;1;0;75;48;2;0;7;74m▄[38;2;0;4;73;48;2;0;3;75m▄[38;2;3;1;78;48;2;1;3;74m▄[38;2;0;5;69;48;2;0;3;78m▄[38;2;6;10;71;48;2;0;2;75m▄[38;2;13;10;62;48;2;0;2;73m▄[38;2;26;2;44;48;2;3;0;75m▄[38;2;44;12;30;48;2;8;4;67m▄[38;2;149;72;37;48;2;57;7;13m▄[38;2;232;140;50;48;2;196;109;66m▄[38;2;221;145;36;48;2;174;95;53m▄[38;2;172;87;25;48;2;139;74;59m▄[38;2;85;27;11;48;2;19;1;48m▄[38;2;36;28;59;48;2;0;14;75m▄[38;2;53;63;76;48;2;0;42;89m▄[38;2;51;63;76;48;2;0;41;88m▄[38;2;54;64;76;48;2;0;44;85m▄[38;2;53;25;20;48;2;41;83;112m▄[38;2;180;88;28;48;2;69;29;31m▄[38;2;214;128;37;48;2;193;110;64m▄[38;2;205;108;46;48;2;162;84;48m▄[38;2;156;70;36;48;2;134;77;65m▄[38;2;53;14;8;48;2;58;80;106m▄[38;2;38;45;57;48;2;16;86;115m▄[38;2;44;65;80;48;2;1;88;109m▄[38;2;8;85;108;48;2;7;89;107m▄[38;2;5;90;107;48;2;0;91;112m▄[38;2;8;101;116;48;2;37;128;139m▄[38;2;5;126;140;48;2;9;110;126m▄[38;2;27;128;144;48;2;1;132;138m▄[38;2;9;141;153;48;2;5;132;143m▄[38;2;25;157;161;48;2;8;139;147m▄[38;2;18;173;173;48;2;0;137;142m▄[38;2;12;173;172;48;2;8;174;171m▄[38;2;16;174;172;48;2;0;174;172m▄[m
[38;2;36;25;44;48;2;0;41;89m▄[38;2;12;37;79;48;2;0;39;90m▄[38;2;5;39;88;48;2;9;36;92m▄[38;2;1;3;74;48;2;0;3;75m▄[38;2;9;21;84;48;2;0;3;73m▄[38;2;12;23;82;48;2;0;4;75m▄[38;2;8;19;68;48;2;0;5;71m▄[38;2;58;29;36;48;2;17;33;85m▄[38;2;87;23;15;48;2;33;30;65m▄[38;2;130;55;31;48;2;45;17;27m▄[38;2;160;74;35;48;2;66;23;22m▄[38;2;178;90;46;48;2;102;38;25m▄[38;2;168;79;38;48;2;75;14;7m▄[38;2;105;33;17;48;2;74;3;0m▄[38;2;104;36;18;48;2;195;109;46m▄[38;2;192;102;38;48;2;234;176;46m▄[38;2;231;180;38;48;2;255;212;77m▄[38;2;214;145;19;48;2;160;80;21m▄[38;2;89;29;15;48;2;67;13;7m▄[38;2;178;91;49;48;2;101;37;20m▄[38;2;182;90;41;48;2;102;37;23m▄[38;2;122;51;33;48;2;98;39;23m▄[38;2;214;128;63;48;2;145;72;44m▄[38;2;244;193;61;48;2;226;157;33m▄[38;2;205;108;35;48;2;227;142;36m▄[38;2;126;51;28;48;2;174;81;24m▄[38;2;87;23;14;48;2;141;73;43m▄[38;2;132;53;37;48;2;66;5;3m▄[38;2;169;80;38;48;2;102;38;23m▄[38;2;181;91;40;48;2;98;40;30m▄[38;2;153;73;36;48;2;48;16;15m▄[38;2;148;69;43;48;2;37;27;28m▄[38;2;101;47;37;48;2;61;120;125m▄[38;2;43;85;93;48;2;25;128;145m▄[38;2;32;153;153;48;2;0;132;140m▄[38;2;10;173;177;48;2;0;134;140m▄[38;2;18;172;170;48;2;10;172;170m▄[38;2;13;172;179;48;2;1;175;173m▄[38;2;46;153;154;48;2;8;173;172m▄[38;2;49;88;81;48;2;0;175;172m▄[m
[38;2;195;106;42;48;2;146;70;39m▄[38;2;148;69;29;48;2;61;12;13m▄[38;2;143;69;45;48;2;42;24;43m▄[38;2;40;17;41;48;2;5;38;89m▄[38;2;37;21;50;48;2;3;37;89m▄[38;2;139;71;35;48;2;35;30;55m▄[38;2;196;103;65;48;2;61;10;12m▄[38;2;204;108;40;48;2;152;70;35m▄[38;2;209;106;29;48;2;159;69;20m▄[38;2;231;138;53;48;2;201;104;47m▄[38;2;227;138;45;48;2;207;106;41m▄[38;2;224;139;48;48;2;207;105;28m▄[38;2;228;140;43;48;2;206;106;40m▄[38;2;198;108;19;48;2;204;108;55m▄[38;2;206;107;41;48;2;152;69;25m▄[38;2;135;64;38;48;2;146;65;34m▄[38;2;201;109;49;48;2;197;112;11m▄[38;2;240;179;48;48;2;242;192;54m▄[38;2;199;121;65;48;2;140;64;40m▄[38;2;201;110;55;48;2;200;108;53m▄[38;2;204;108;38;48;2;208;106;39m▄[38;2;64;11;0;48;2;66;9;0m▄[38;2;242;193;49;48;2;246;184;67m▄[38;2;203;110;42;48;2;235;165;49m▄[38;2;79;10;2;48;2;195;108;56m▄[38;2;180;93;53;48;2;90;26;13m▄[38;2;204;107;35;48;2;161;69;25m▄[38;2;238;138;49;48;2;201;110;39m▄[38;2;207;112;22;48;2;206;106;24m▄[38;2;206;107;33;48;2;205;106;40m▄[38;2;231;135;52;48;2;205;107;47m▄[38;2;233;135;53;48;2;197;104;48m▄[38;2;228;139;54;48;2;153;72;20m▄[38;2;213;118;54;48;2;119;58;35m▄[38;2;149;73;33;48;2;35;22;15m▄[38;2;45;38;25;48;2;42;171;169m▄[38;2;49;113;111;48;2;7;172;172m▄[38;2;130;72;53;48;2;86;159;151m▄[38;2;151;71;39;48;2;69;35;20m▄[38;2;154;71;28;48;2;148;74;50m▄[m
[38;2;212;104;35;48;2;207;106;38m▄[38;2;154;71;27;48;2;156;71;35m▄[38;2;109;39;26;48;2;152;70;38m▄[38;2;147;73;28;48;2;93;35;28m▄[38;2;207;108;41;48;2;156;76;44m▄[38;2;232;137;49;48;2;205;105;37m▄[38;2;232;139;43;48;2;209;109;17m▄[38;2;229;141;48;48;2;230;141;41m▄[38;2;229;142;59;48;2;233;144;49m▄[38;2;230;139;59;48;2;229;143;34m▄[38;2;225;142;53;48;2;233;162;43m▄[38;2;221;146;45;48;2;252;215;69m▄[38;2;216;148;23;48;2;255;220;64m▄[38;2;236;192;49;48;2;238;188;51m▄[38;2;255;216;73;48;2;203;112;12m▄[38;2;217;127;35;48;2;188;92;39m▄[38;2;148;72;41;48;2;104;32;3m▄[38;2;185;102;45;48;2;240;164;67m▄[38;2;245;169;65;48;2;217;161;77m▄[38;2;70;8;0;48;2;145;68;35m▄[38;2;127;50;26;48;2;176;82;41m▄[38;2;228;143;48;48;2;86;26;6m▄[38;2;194;115;15;48;2;217;148;26m▄[38;2;106;37;22;48;2;161;77;45m▄[38;2;195;107;54;48;2;114;40;13m▄[38;2;226;126;44;48;2;207;104;42m▄[38;2;231;135;49;48;2;201;108;31m▄[38;2;228;142;39;48;2;210;113;20m▄[38;2;231;141;32;48;2;230;141;44m▄[38;2;251;179;66;48;2;230;143;42m▄[38;2;255;211;86;48;2;231;141;34m▄[38;2;255;212;89;48;2;228;143;30m▄[38;2;255;213;78;48;2;229;141;41m▄[38;2;227;170;31;48;2;232;139;40m▄[38;2;222;146;23;48;2;233;142;50m▄[38;2;231;140;49;48;2;164;76;11m▄[38;2;195;98;45;48;2;82;29;11m▄[38;2;72;6;0;48;2;148;71;44m▄[38;2;150;71;38;48;2;155;68;41m▄[38;2;156;70;31;48;2;197;102;46m▄[m
[38;2;156;70;35;48;2;200;107;46m▄[38;2;67;8;0;48;2;151;72;31m▄[38;2;127;52;34;48;2;93;30;19m▄[38;2;201;107;55;48;2;206;107;47m▄[38;2;194;109;57;48;2;209;104;39m▄[38;2;132;61;35;48;2;206;110;42m▄[38;2;66;4;9;48;2;195;108;41m▄[38;2;85;27;24;48;2;149;68;32m▄[38;2;133;75;61;48;2;112;43;19m▄[38;2;119;31;71;48;2;116;43;25m▄[38;2;143;71;62;48;2;113;41;23m▄[38;2;136;73;63;48;2;114;43;21m▄[38;2;81;10;36;48;2;163;86;39m▄[38;2;68;9;0;48;2;190;112;40m▄[38;2;144;72;31;48;2;239;164;54m▄[38;2;207;123;57;48;2;238;153;44m▄[38;2;233;138;51;48;2;214;122;53m▄[38;2;91;19;6;48;2;132;53;28m▄[38;2;160;82;19;48;2;219;130;40m▄[38;2;111;35;0;48;2;69;9;0m▄[38;2;124;53;24;48;2;123;54;27m▄[38;2;233;134;71;48;2;231;141;56m▄[38;2;70;7;0;48;2;134;55;15m▄[38;2;175;90;25;48;2;112;32;17m▄[38;2;232;138;53;48;2;214;123;36m▄[38;2;202;121;60;48;2;229;142;34m▄[38;2;71;9;0;48;2;227;141;54m▄[38;2;105;35;34;48;2;192;109;33m▄[38;2;120;54;63;48;2;154;83;47m▄[38;2;134;80;41;48;2;152;86;44m▄[38;2;116;46;71;48;2;150;86;40m▄[38;2;109;45;54;48;2;150;84;42m▄[38;2;139;74;54;48;2;160;109;54m▄[38;2;98;14;23;48;2;214;163;63m▄[38;2;72;8;0;48;2;236;184;67m▄[38;2;212;144;62;48;2;233;178;39m▄[38;2;221;132;58;48;2;215;119;42m▄[38;2;208;104;40;48;2;148;65;29m▄[38;2;99;30;17;48;2;123;56;33m▄[38;2;203;106;48;48;2;181;84;28m▄[m
[38;2;191;105;55;48;2;139;72;38m▄[38;2;101;37;23;48;2;93;31;24m▄[38;2;84;21;23;48;2;126;53;33m▄[38;2;99;38;37;48;2;81;19;9m▄[38;2;109;45;61;48;2;99;33;57m▄[38;2;188;55;109;48;2;97;44;27m▄[38;2;183;123;74;48;2;173;102;99m▄[38;2;197;95;94;48;2;167;49;96m▄[38;2;218;55;123;48;2;181;110;79m▄[38;2;251;161;127;48;2;204;61;113m▄[38;2;214;60;118;48;2;204;68;115m▄[38;2;240;165;120;48;2;175;113;74m▄[38;2;187;76;110;48;2;164;43;107m▄[38;2;161;57;82;48;2;192;122;86m▄[38;2;159;65;78;48;2;101;32;51m▄[38;2;125;55;64;48;2;104;44;31m▄[38;2;67;15;39;48;2;96;26;10m▄[38;2;170;99;70;48;2;183;100;46m▄[38;2;134;48;7;48;2;96;25;9m▄[38;2;205;108;12;48;2;193;102;38m▄[38;2;220;124;42;48;2;170;83;34m▄[38;2;229;137;77;48;2;218;137;70m▄[38;2;137;73;50;48;2;142;66;44m▄[38;2;62;10;11;48;2;169;91;49m▄[38;2;86;45;37;48;2;95;25;12m▄[38;2;67;16;39;48;2;72;21;34m▄[38;2;183;120;93;48;2;124;74;42m▄[38;2;115;31;81;48;2;116;33;72m▄[38;2;238;197;128;48;2;184;112;115m▄[38;2;206;67;114;48;2;241;165;115m▄[38;2;243;187;157;48;2;162;42;109m▄[38;2;252;190;208;48;2;212;154;99m▄[38;2;198;73;107;48;2;168;56;79m▄[38;2;232;176;107;48;2;192;69;107m▄[38;2;221;97;118;48;2;133;81;43m▄[38;2;174;51;90;48;2;107;33;54m▄[38;2;134;76;54;48;2;108;44;9m▄[38;2;72;2;8;48;2;202;107;55m▄[38;2;167;88;48;48;2;166;80;33m▄[38;2;67;7;0;48;2;91;14;7m▄[m
[38;2;235;142;44;48;2;224;141;56m▄[38;2;225;142;50;48;2;71;8;0m▄[38;2;102;40;23;48;2;92;40;41m▄[38;2;158;88;64;48;2;164;51;103m▄[38;2;211;64;124;48;2;249;157;145m▄[38;2;238;181;163;48;2;246;180;186m▄[38;2;210;103;117;48;2;209;68;104m▄[38;2;148;69;78;48;2;234;175;99m▄[38;2;111;53;46;48;2;212;99;119m▄[38;2;69;20;16;48;2;119;38;61m▄[38;2;87;23;32;48;2;116;52;48m▄[38;2;123;67;43;48;2;65;8;1m▄[38;2;86;30;44;48;2;61;7;16m▄[38;2;110;18;58;48;2;65;6;17m▄[38;2;108;54;30;48;2;67;12;0m▄[38;2;65;18;33;48;2;78;21;24m▄[38;2;54;13;24;48;2;89;42;49m▄[38;2;83;39;31;48;2;87;40;37m▄[38;2;84;29;14;48;2;97;21;8m▄[38;2;152;97;39;48;2;226;141;61m▄[38;2;150;99;35;48;2;213;122;54m▄[38;2;117;54;40;48;2;153;71;29m▄[38;2;90;46;29;48;2;92;45;28m▄[38;2;60;14;33;48;2;68;23;39m▄[38;2;69;20;20;48;2;91;41;37m▄[38;2;93;41;40;48;2;61;11;8m▄[38;2;137;75;68;48;2;62;8;3m▄[38;2;107;18;72;48;2;60;7;27m▄[38;2;151;94;48;48;2;61;14;0m▄[38;2;86;18;45;48;2;76;0;11m▄[38;2;89;33;18;48;2;161;79;63m▄[38;2;70;15;28;48;2;190;51;98m▄[38;2;179;119;89;48;2;233;175;100m▄[38;2;179;91;95;48;2;220;154;131m▄[38;2;248;205;153;48;2;210;64;114m▄[38;2;211;64;126;48;2;255;220;177m▄[38;2;204;102;107;48;2;173;47;94m▄[38;2;114;54;34;48;2;188;112;115m▄[38;2;164;85;35;48;2;96;33;18m▄[38;2;229;141;43;48;2;197;111;54m▄[m
[38;2;240;190;44;48;2;227;144;39m▄[38;2;231;143;38;48;2;229;143;38m▄[38;2;229;141;39;48;2;227;141;53m▄[38;2;222;127;51;48;2;68;12;0m▄[38;2;124;79;56;48;2;255;218;179m▄[38;2;176;117;84;48;2;203;62;114m▄[38;2;66;13;27;48;2;185;120;90m▄[38;2;118;46;67;48;2;67;10;34m▄[38;2;182;99;86;48;2;100;40;37m▄[38;2;199;109;98;48;2;138;71;62m▄[38;2;189;95;92;48;2;185;94;99m▄[38;2;181;43;107;48;2;199;110;104m▄[38;2;174;54;97;48;2;174;67;99m▄[38;2;135;38;79;48;2;180;47;100m▄[38;2;83;32;16;48;2;180;121;83m▄[38;2;63;17;14;48;2;73;29;40m▄[38;2;61;13;12;48;2;65;16;52m▄[38;2;93;41;30;48;2;58;13;9m▄[38;2;81;21;7;48;2;92;38;24m▄[38;2;203;110;31;48;2;237;184;74m▄[38;2;218;138;34;48;2;246;201;68m▄[38;2;176;97;51;48;2;66;10;0m▄[38;2;95;43;30;48;2;58;13;1m▄[38;2;66;20;15;48;2;65;14;40m▄[38;2;67;24;11;48;2;87;45;42m▄[38;2;68;19;13;48;2;110;57;58m▄[38;2;110;52;43;48;2;139;74;61m▄[38;2;117;32;81;48;2;168;49;118m▄[38;2;234;135;137;48;2;220;151;105m▄[38;2;192;46;107;48;2;205;67;124m▄[38;2;240;200;126;48;2;248;219;148m▄[38;2;201;64;112;48;2;118;36;72m▄[38;2;153;47;85;48;2;109;39;64m▄[38;2;131;68;64;48;2;122;67;42m▄[38;2;81;15;25;48;2;169;55;90m▄[38;2;109;54;28;48;2;246;147;138m▄[38;2;105;39;20;48;2;159;101;65m▄[38;2;222;130;47;48;2;147;74;38m▄[38;2;229;142;46;48;2;219;127;46m▄[38;2;227;143;29;48;2;232;141;41m▄[m
[38;2;246;228;55;48;2;247;220;58m▄[38;2;222;147;31;48;2;221;147;30m▄[38;2;230;142;37;48;2;231;140;38m▄[38;2;232;140;45;48;2;233;140;46m▄[38;2;155;67;30;48;2;110;36;0m▄[38;2;72;24;11;48;2;65;16;4m▄[38;2;169;52;97;48;2;73;11;42m▄[38;2;211;74;116;48;2;184;73;97m▄[38;2;199;119;76;48;2;242;166;117m▄[38;2;172;54;84;48;2;183;47;102m▄[38;2;108;41;49;48;2;169;107;74m▄[38;2;70;4;21;48;2;110;40;71m▄[38;2;250;205;174;48;2;107;39;55m▄[38;2;255;206;205;48;2;80;0;27m▄[38;2;255;206;210;48;2;198;106;110m▄[38;2;236;130;139;48;2;247;161;139m▄[38;2;98;41;16;48;2;233;170;121m▄[38;2;169;109;60;48;2;77;31;9m▄[38;2;203;151;119;48;2;85;25;8m▄[38;2;191;111;47;48;2;227;143;43m▄[38;2;216;162;35;48;2;238;176;54m▄[38;2;65;11;0;48;2;188;106;69m▄[38;2;135;79;48;48;2;61;8;0m▄[38;2;77;23;0;48;2;191;139;76m▄[38;2;248;160;146;48;2;247;160;139m▄[38;2;255;206;208;48;2;216;125;123m▄[38;2;255;204;208;48;2;104;30;45m▄[38;2;255;212;193;48;2;109;38;68m▄[38;2;173;103;101;48;2;181;93;102m▄[38;2;139;77;62;48;2;150;69;54m▄[38;2;172;36;96;48;2;215;85;107m▄[38;2;227;171;102;48;2;197;89;92m▄[38;2;212;59;129;48;2;212;62;116m▄[38;2;205;142;137;48;2;170;105;97m▄[38;2;184;120;83;48;2;137;77;53m▄[38;2;96;37;23;48;2;96;35;27m▄[38;2;209;111;43;48;2;135;53;13m▄[38;2;226;141;45;48;2;228;139;37m▄[38;2;230;141;38;48;2;230;141;34m▄[38;2;252;221;62;48;2;242;187;46m▄[m
[38;2;224;147;29;48;2;251;211;66m▄[38;2;229;140;43;48;2;229;144;36m▄[38;2;234;140;40;48;2;229;142;38m▄[38;2;197;106;57;48;2;226;133;58m▄[38;2;103;36;18;48;2;112;35;1m▄[38;2;67;17;7;48;2;76;22;11m▄[38;2;199;109;106;48;2;180;45;99m▄[38;2;183;94;87;48;2;180;86;79m▄[38;2;115;31;78;48;2;159;52;98m▄[38;2;64;5;7;48;2;139;64;61m▄[38;2;185;96;94;48;2;104;22;51m▄[38;2;255;204;201;48;2;173;49;106m▄[38;2;211;95;110;48;2;196;99;101m▄[38;2;191;80;92;48;2;206;102;121m▄[38;2;161;65;68;48;2;175;93;92m▄[38;2;165;64;63;48;2;182;80;78m▄[38;2;66;10;0;48;2;69;6;0m▄[38;2;235;222;114;48;2;70;42;15m▄[38;2;92;59;66;48;2;105;27;36m▄[38;2;93;43;25;48;2;64;10;0m▄[38;2;160;105;34;48;2;144;103;43m▄[38;2;51;27;38;48;2;119;63;57m▄[38;2;233;220;148;48;2;53;24;36m▄[38;2;206;161;84;48;2;166;90;49m▄[38;2;159;65;65;48;2;180;80;85m▄[38;2;179;79;83;48;2;191;101;111m▄[38;2;189;80;93;48;2;201;106;112m▄[38;2;206;69;110;48;2;175;91;98m▄[38;2;255;211;193;48;2;183;73;101m▄[38;2;241;165;136;48;2;97;11;36m▄[38;2;87;17;18;48;2;133;63;66m▄[38;2;114;32;81;48;2;167;95;99m▄[38;2;255;224;171;48;2;183;78;88m▄[38;2;182;86;90;48;2;214;126;128m▄[38;2;136;75;53;48;2;182;121;95m▄[38;2;99;35;23;48;2;95;35;24m▄[38;2;205;106;40;48;2;211;113;33m▄[38;2;234;137;48;48;2;228;141;40m▄[38;2;228;143;39;48;2;228;143;34m▄[38;2;220;145;20;48;2;251;213;61m▄[m
[38;2;207;106;37;48;2;228;145;32m▄[38;2;206;107;37;48;2;219;121;36m▄[38;2;156;67;36;48;2;210;115;37m▄[38;2;106;37;23;48;2;129;51;16m▄[38;2;105;38;23;48;2;104;36;25m▄[38;2;89;34;26;48;2;92;35;19m▄[38;2;185;121;91;48;2;189;119;93m▄[38;2;101;38;48;48;2;128;47;68m▄[38;2;91;44;20;48;2;136;75;58m▄[38;2;239;160;137;48;2;168;117;78m▄[38;2;179;44;95;48;2;227;159;114m▄[38;2;255;220;188;48;2;193;52;106m▄[38;2;105;52;30;48;2;228;149;156m▄[38;2;68;9;0;48;2;223;176;112m▄[38;2;110;37;9;48;2;144;106;85m▄[38;2;69;6;0;48;2;140;97;70m▄[38;2;59;12;5;48;2;65;11;0m▄[38;2;73;68;69;48;2;151;140;75m▄[38;2;15;96;105;48;2;128;152;113m▄[38;2;93;116;96;48;2;142;82;47m▄[38;2;97;115;90;48;2;146;83;39m▄[38;2;59;127;118;48;2;118;122;96m▄[38;2;43;84;91;48;2;128;146;92m▄[38;2;62;6;1;48;2;162;100;52m▄[38;2;67;6;1;48;2;134;84;58m▄[38;2;124;51;29;48;2;142;108;81m▄[38;2;101;36;24;48;2;147;106;79m▄[38;2;96;44;18;48;2;226;156;141m▄[38;2;240;190;145;48;2;208;89;113m▄[38;2;172;52;80;48;2;204;128;126m▄[38;2;238;135;134;48;2;185;129;67m▄[38;2;73;16;5;48;2;88;28;36m▄[38;2;140;73;55;48;2;207;144;94m▄[38;2;124;59;62;48;2;149;78;83m▄[38;2;61;11;2;48;2;63;9;2m▄[38;2;103;37;27;48;2;104;35;19m▄[38;2;115;41;16;48;2;183;89;40m▄[38;2;202;106;53;48;2;207;107;34m▄[38;2;208;106;28;48;2;226;133;42m▄[38;2;232;140;47;48;2;228;141;44m▄[m
[38;2;105;41;18;48;2;197;103;49m▄[38;2;104;35;29;48;2;125;37;5m▄[38;2;95;35;22;48;2;100;39;15m▄[38;2;77;8;2;48;2;103;37;29m▄[38;2;194;106;58;48;2;74;5;1m▄[38;2;148;64;35;48;2;96;36;23m▄[38;2;69;12;1;48;2;72;14;3m▄[38;2;109;55;57;48;2;137;67;80m▄[38;2;76;5;11;48;2;71;4;15m▄[38;2;186;104;102;48;2;172;45;101m▄[38;2;60;13;1;48;2;188;113;97m▄[38;2;97;38;26;48;2;63;12;3m▄[38;2;121;51;38;48;2;135;63;44m▄[38;2;153;67;33;48;2;146;67;46m▄[38;2;157;74;24;48;2;84;9;4m▄[38;2;98;24;2;48;2;187;99;50m▄[38;2;202;137;81;48;2;228;169;96m▄[38;2;81;31;14;48;2;81;30;12m▄[38;2;179;137;91;48;2;69;97;78m▄[38;2;114;115;79;48;2;224;224;150m▄[38;2;127;93;58;48;2;217;206;130m▄[38;2;103;79;43;48;2;183;186;132m▄[38;2;58;14;0;48;2;49;22;8m▄[38;2;221;173;97;48;2;210;153;85m▄[38;2;112;45;3;48;2;247;203;109m▄[38;2;162;82;29;48;2;136;63;31m▄[38;2;227;138;54;48;2;140;69;34m▄[38;2;142;65;38;48;2;188;105;70m▄[38;2;93;19;11;48;2;108;49;30m▄[38;2;59;14;0;48;2;73;21;8m▄[38;2;192;135;104;48;2;186;68;104m▄[38;2;163;66;75;48;2;146;54;83m▄[38;2;115;40;59;48;2;111;37;72m▄[38;2;78;24;14;48;2;96;47;30m▄[38;2;152;71;33;48;2;99;36;16m▄[38;2;199;110;48;48;2;78;13;4m▄[38;2;84;8;3;48;2;105;35;20m▄[38;2;100;35;25;48;2;149;71;40m▄[38;2;141;69;43;48;2;186;93;39m▄[38;2;156;71;35;48;2;208;107;41m▄[m
[38;2;213;163;35;48;2;71;9;0m▄[38;2;229;179;53;48;2;77;5;0m▄[38;2;235;183;52;48;2;199;129;66m▄[38;2;239;183;55;48;2;224;141;55m▄[38;2;220;124;33;48;2;205;108;31m▄[38;2;165;82;42;48;2;182;93;43m▄[38;2;86;25;12;48;2;101;37;24m▄[38;2;77;21;15;48;2;77;33;22m▄[38;2;77;31;17;48;2;92;42;21m▄[38;2;58;10;5;48;2;61;13;4m▄[38;2;111;42;13;48;2;76;17;8m▄[38;2;152;65;28;48;2;103;32;28m▄[38;2;195;102;40;48;2;103;38;15m▄[38;2;200;108;55;48;2;81;6;0m▄[38;2;132;48;15;48;2;201;106;52m▄[38;2;154;79;38;48;2;241;155;71m▄[38;2;219;154;48;48;2;236;186;89m▄[38;2;233;168;56;48;2;190;119;49m▄[38;2;192;111;64;48;2;95;22;10m▄[38;2;36;84;96;48;2;53;17;1m▄[38;2;31;114;128;48;2;49;48;39m▄[38;2;57;18;3;48;2;215;144;82m▄[38;2;246;204;68;48;2;209;147;79m▄[38;2;230;179;59;48;2;237;192;99m▄[38;2;174;97;43;48;2;255;212;91m▄[38;2;144;69;31;48;2;234;153;62m▄[38;2;146;84;38;48;2;192;110;58m▄[38;2;208;126;18;48;2;191;111;64m▄[38;2;229;142;37;48;2;203;107;53m▄[38;2;229;140;56;48;2;145;73;35m▄[38;2;82;16;8;48;2;59;10;5m▄[38;2;63;14;1;48;2;222;170;110m▄[38;2;75;23;14;48;2;96;42;24m▄[38;2;93;30;17;48;2;81;24;12m▄[38;2;102;38;17;48;2;149;72;36m▄[38;2;208;121;57;48;2;253;174;78m▄[38;2;236;171;47;48;2;218;136;49m▄[38;2;228;165;27;48;2;192;111;59m▄[38;2;220;142;41;48;2;104;28;12m▄[38;2;218;143;46;48;2;75;6;0m▄[m
[38;2;231;139;35;48;2;254;217;79m▄[38;2;207;116;43;48;2;241;189;44m▄[38;2;186;100;29;48;2;225;144;31m▄[38;2;128;50;11;48;2;232;139;50m▄[38;2;76;11;2;48;2;201;108;54m▄[38;2;98;33;20;48;2;92;33;26m▄[38;2;174;94;57;48;2;101;39;21m▄[38;2;194;107;54;48;2;109;35;12m▄[38;2;202;107;44;48;2;78;4;0m▄[38;2;213;127;58;48;2;74;8;0m▄[38;2;229;133;40;48;2;202;107;58m▄[38;2;203;110;28;48;2;208;103;40m▄[38;2;231;137;41;48;2;208;106;33m▄[38;2;233;139;48;48;2;203;111;31m▄[38;2;229;132;37;48;2;201;107;47m▄[38;2;222;140;43;48;2;181;91;45m▄[38;2;119;69;16;48;2;80;4;0m▄[38;2;115;70;17;48;2;77;5;0m▄[38;2;88;37;22;48;2;74;4;0m▄[38;2;71;52;27;48;2;63;77;87m▄[38;2;146;123;79;48;2;56;78;71m▄[38;2;102;79;55;48;2;65;11;1m▄[38;2;116;77;22;48;2;66;16;0m▄[38;2;112;82;21;48;2;71;11;0m▄[38;2;236;187;68;48;2;188;115;27m▄[38;2;237;189;41;48;2;240;183;68m▄[38;2;233;189;35;48;2;237;190;47m▄[38;2;239;189;44;48;2;246;183;49m▄[38;2;237;189;44;48;2;235;170;49m▄[38;2;222;147;22;48;2;228;142;36m▄[38;2;210;121;56;48;2;101;33;12m▄[38;2;215;132;61;48;2;140;68;34m▄[38;2;220;133;62;48;2;151;72;36m▄[38;2;227;136;60;48;2;200;109;42m▄[38;2;198;110;51;48;2;78;1;0m▄[38;2;83;19;6;48;2;143;67;42m▄[38;2;95;22;9;48;2;209;115;40m▄[38;2;160;79;33;48;2;250;179;69m▄[38;2;204;124;35;48;2;241;187;50m▄[38;2;225;153;36;48;2;239;188;43m▄[m
[38;2;112;83;51;48;2;182;108;69m▄[38;2;59;15;5;48;2;104;35;18m▄[38;2;105;37;23;48;2;68;7;0m▄[38;2;151;72;41;48;2;71;5;0m▄[38;2;76;10;0;48;2;148;73;50m▄[38;2;229;204;96;48;2;122;65;42m▄[38;2;232;203;73;48;2;60;19;0m▄[38;2;229;206;67;48;2;89;57;0m▄[38;2;231;208;73;48;2;90;51;0m▄[38;2;228;202;90;48;2;204;150;77m▄[38;2;138;80;18;48;2;231;140;46m▄[38;2;230;142;37;48;2;232;141;48m▄[38;2;239;172;53;48;2;230;143;40m▄[38;2;249;182;57;48;2;229;141;31m▄[38;2;240;188;65;48;2;223;146;31m▄[38;2;146;123;38;48;2;167;126;54m▄[38;2;222;208;78;48;2;219;205;83m▄[38;2;109;87;35;48;2;224;206;111m▄[38;2;66;44;16;48;2;147;120;78m▄[38;2;237;228;144;48;2;200;177;118m▄[38;2;232;226;138;48;2;215;200;122m▄[38;2;200;175;124;48;2;47;19;1m▄[38;2;108;88;52;48;2;217;199;113m▄[38;2;147;121;15;48;2;224;205;83m▄[38;2;227;204;81;48;2;86;59;0m▄[38;2;186;145;58;48;2;231;187;57m▄[38;2;239;190;30;48;2;236;189;49m▄[38;2;241;188;40;48;2;240;190;27m▄[38;2;243;186;57;48;2;238;188;50m▄[38;2;208;153;54;48;2;246;181;49m▄[38;2;221;197;128;48;2;216;146;61m▄[38;2;248;232;113;48;2;86;57;0m▄[38;2;157;141;47;48;2;81;56;0m▄[38;2;168;138;27;48;2;78;37;0m▄[38;2;231;201;89;48;2;63;18;0m▄[38;2;78;29;6;48;2;199;112;53m▄[38;2;225;141;59;48;2;139;61;14m▄[38;2;202;106;51;48;2;74;4;0m▄[38;2;93;33;18;48;2;90;25;15m▄[38;2;83;53;18;48;2;148;72;39m▄[m
[38;2;117;97;23;48;2;106;93;32m▄[38;2;77;55;8;48;2;55;15;1m▄[38;2;128;55;29;48;2;130;52;28m▄[38;2;59;13;0;48;2;115;54;32m▄[38;2;250;243;108;48;2;237;210;110m▄[38;2;110;61;17;48;2;207;187;90m▄[38;2;151;69;32;48;2;121;72;22m▄[38;2;67;17;0;48;2;113;52;30m▄[38;2;221;141;79;48;2;125;71;19m▄[38;2;66;11;0;48;2;208;182;70m▄[38;2;210;183;62;48;2;189;168;53m▄[38;2;55;15;0;48;2;159;107;54m▄[38;2;112;85;51;48;2;179;130;70m▄[38;2;93;47;10;48;2;231;162;55m▄[38;2;66;13;0;48;2;241;169;61m▄[38;2;129;69;38;48;2;130;87;31m▄[38;2;163;134;72;48;2;205;182;80m▄[38;2;66;32;8;48;2;90;68;37m▄[38;2;210;186;114;48;2;126;104;45m▄[38;2;82;61;26;48;2;235;225;144m▄[38;2;57;48;51;48;2;213;194;128m▄[38;2;237;223;143;48;2;239;223;151m▄[38;2;51;18;0;48;2;96;60;35m▄[38;2;209;187;81;48;2;150;133;25m▄[38;2;88;50;10;48;2;190;169;57m▄[38;2;113;55;25;48;2;201;153;55m▄[38;2;63;16;0;48;2;236;170;61m▄[38;2;116;85;37;48;2;187;129;59m▄[38;2;120;92;46;48;2;161;101;48m▄[38;2;226;201;99;48;2;130;103;30m▄[38;2;74;41;11;48;2;223;213;109m▄[38;2;155;75;34;48;2;131;92;49m▄[38;2;69;16;0;48;2;103;41;24m▄[38;2;130;60;32;48;2;113;46;18m▄[38;2;142;74;41;48;2;129;102;32m▄[38;2;216;194;79;48;2;234;205;46m▄[38;2;200;165;83;48;2;105;57;26m▄[38;2;197;110;52;48;2;226;140;56m▄[38;2;110;58;29;48;2;116;45;23m▄[38;2;222;205;79;48;2;127;106;29m▄[m
[38;2;69;34;6;48;2;96;75;8m▄[38;2;223;209;65;48;2;145;123;32m▄[38;2;89;47;23;48;2;107;40;23m▄[38;2;66;11;0;48;2;58;17;0m▄[38;2;226;199;94;48;2;230;208;48m▄[38;2;194;170;70;48;2;97;47;14m▄[38;2;83;57;1;48;2;61;14;0m▄[38;2;215;200;86;48;2;205;191;51m▄[38;2;233;192;110;48;2;184;142;76m▄[38;2;62;7;0;48;2;115;54;32m▄[38;2;55;15;0;48;2;102;74;36m▄[38;2;47;22;0;48;2;112;85;47m▄[38;2;52;23;0;48;2;107;89;43m▄[38;2;50;20;0;48;2;109;89;51m▄[38;2;54;20;0;48;2;106;88;51m▄[38;2;54;22;0;48;2;99;68;43m▄[38;2;54;16;0;48;2;74;40;19m▄[38;2;152;124;72;48;2;133;105;64m▄[38;2;146;121;78;48;2;198;167;106m▄[38;2;12;35;80;48;2;33;31;42m▄[38;2;2;37;89;48;2;16;35;71m▄[38;2;49;17;4;48;2;121;97;49m▄[38;2;162;137;74;48;2;145;111;60m▄[38;2;82;48;29;48;2;88;58;26m▄[38;2;57;19;0;48;2;134;96;58m▄[38;2;56;21;0;48;2;142;118;57m▄[38;2;55;23;0;48;2;165;138;51m▄[38;2;54;23;0;48;2;161;138;54m▄[38;2;56;24;0;48;2;169;134;58m▄[38;2;56;20;0;48;2;130;98;52m▄[38;2;61;11;3;48;2;108;55;35m▄[38;2;76;26;7;48;2;111;47;25m▄[38;2;251;238;116;48;2;247;226;107m▄[38;2;121;101;11;48;2;118;88;34m▄[38;2;55;22;0;48;2;162;83;50m▄[38;2;224;208;71;48;2;234;227;132m▄[38;2;156;105;57;48;2;198;169;61m▄[38;2;140;74;44;48;2;191;111;59m▄[38;2;172;147;53;48;2;113;80;41m▄[38;2;230;202;99;48;2;227;204;71m▄[m
[38;2;107;49;22;48;2;62;19;2m▄[38;2;216;191;76;48;2;224;205;63m▄[38;2;160;138;42;48;2;109;77;39m▄[38;2;133;61;29;48;2;189;108;67m▄[38;2;204;104;51;48;2;63;7;0m▄[38;2;93;32;11;48;2;124;98;8m▄[38;2;83;21;9;48;2;228;204;91m▄[38;2;96;43;28;48;2;97;64;23m▄[38;2;165;105;48;48;2;192;112;73m▄[38;2;229;202;73;48;2;66;11;0m▄[38;2;166;136;62;48;2;183;155;77m▄[38;2;88;47;12;48;2;245;238;135m▄[38;2;157;125;54;48;2;221;208;65m▄[38;2;95;49;11;48;2;224;207;72m▄[38;2;79;22;9;48;2;166;140;16m▄[38;2;89;29;13;48;2;73;41;0m▄[38;2;84;58;36;48;2;56;13;1m▄[38;2;120;94;59;48;2;159;132;81m▄[38;2;40;19;39;48;2;76;56;46m▄[38;2;5;52;91;48;2;10;37;85m▄[38;2;3;45;89;48;2;0;39;88m▄[38;2;12;39;75;48;2;33;34;61m▄[38;2;122;91;65;48;2;165;140;83m▄[38;2;112;85;60;48;2;112;72;49m▄[38;2;61;11;1;48;2;53;22;0m▄[38;2;89;28;10;48;2;107;79;0m▄[38;2;77;25;9;48;2;167;144;9m▄[38;2;107;68;31;48;2;229;204;62m▄[38;2;119;75;39;48;2;226;204;51m▄[38;2;59;15;1;48;2;59;22;0m▄[38;2;181;158;37;48;2;98;67;28m▄[38;2;83;40;15;48;2;156;70;27m▄[38;2;160;93;60;48;2;67;20;0m▄[38;2;65;22;4;48;2;197;171;42m▄[38;2;98;27;12;48;2;231;202;84m▄[38;2;191;100;54;48;2;70;31;1m▄[38;2;186;101;49;48;2;196;112;64m▄[38;2;102;68;11;48;2;65;12;0m▄[38;2;222;198;54;48;2;203;181;46m▄[38;2;84;41;18;48;2;115;87;34m▄[m
[38;2;88;21;10;48;2;144;70;48m▄[38;2;84;26;10;48;2;88;51;8m▄[38;2;186;165;77;48;2;227;205;72m▄[38;2;238;223;115;48;2;89;55;0m▄[38;2;119;53;31;48;2;200;107;52m▄[38;2;154;71;28;48;2;210;102;47m▄[38;2;194;110;56;48;2;196;106;54m▄[38;2;107;42;24;48;2;130;83;57m▄[38;2;107;71;23;48;2;225;202;91m▄[38;2;236;221;87;48;2;253;240;111m▄[38;2;204;179;88;48;2;103;62;12m▄[38;2;98;39;21;48;2;146;72;48m▄[38;2;143;67;37;48;2;147;71;51m▄[38;2;150;72;40;48;2;149;70;39m▄[38;2;124;53;26;48;2;155;69;41m▄[38;2;72;32;20;48;2;83;27;18m▄[38;2;89;57;42;48;2;84;57;41m▄[38;2;41;28;38;48;2;95;62;37m▄[38;2;15;83;113;48;2;14;42;73m▄[38;2;18;85;117;48;2;0;45;83m▄[38;2;13;78;112;48;2;11;62;97m▄[38;2;13;67;98;48;2;43;79;122m▄[38;2;17;33;53;48;2;79;59;49m▄[38;2;74;38;24;48;2;110;85;59m▄[38;2;88;56;43;48;2;57;14;6m▄[38;2;100;39;26;48;2;136;58;38m▄[38;2;150;73;41;48;2;153;71;40m▄[38;2;148;70;41;48;2;148;70;45m▄[38;2;114;47;27;48;2;144;74;44m▄[38;2;120;84;36;48;2;96;41;22m▄[38;2;231;218;91;48;2;196;177;62m▄[38;2;154;132;59;48;2;223;197;86m▄[38;2;104;48;29;48;2;118;82;53m▄[38;2;150;72;41;48;2;136;55;32m▄[38;2;205;107;40;48;2;207;106;39m▄[38;2;178;86;37;48;2;203;105;37m▄[38;2;98;65;14;48;2;138;70;30m▄[38;2;222;209;60;48;2;226;205;82m▄[38;2;114;63;28;48;2;137;111;31m▄[38;2;199;107;60;48;2;152;73;29m▄[m
[38;2;27;30;69;48;2;52;15;23m▄[38;2;110;42;17;48;2;144;73;45m▄[38;2;82;29;15;48;2;140;109;58m▄[38;2;169;150;20;48;2;249;240;118m▄[38;2;249;237;104;48;2;58;24;0m▄[38;2;223;204;125;48;2;100;37;18m▄[38;2;241;221;124;48;2;64;14;0m▄[38;2;201;179;52;48;2;101;60;25m▄[38;2;157;117;70;48;2;90;44;32m▄[38;2;91;35;26;48;2;170;133;63m▄[38;2;79;51;10;48;2;229;216;96m▄[38;2;222;209;58;48;2;166;137;44m▄[38;2;180;153;45;48;2;68;25;1m▄[38;2;152;127;72;48;2;60;16;0m▄[38;2;85;46;31;48;2;60;11;0m▄[38;2;85;59;42;48;2;85;57;40m▄[38;2;51;24;25;48;2;84;57;47m▄[38;2;29;78;98;48;2;48;74;92m▄[38;2;8;89;113;48;2;1;51;77m▄[38;2;3;88;110;48;2;0;48;73m▄[38;2;7;87;108;48;2;5;65;91m▄[38;2;0;89;111;48;2;0;87;108m▄[38;2;9;88;109;48;2;21;86;117m▄[38;2;39;27;45;48;2;60;23;22m▄[38;2;88;58;41;48;2;84;58;39m▄[38;2;84;51;38;48;2;67;28;16m▄[38;2;76;38;9;48;2;63;16;0m▄[38;2;223;196;71;48;2;63;14;0m▄[38;2;206;186;31;48;2;102;63;18m▄[38;2;126;104;24;48;2;251;237;121m▄[38;2;113;62;38;48;2;135;111;35m▄[38;2;78;22;9;48;2;69;16;3m▄[38;2;241;221;140;48;2;66;12;0m▄[38;2;195;174;52;48;2;113;75;31m▄[38;2;153;126;61;48;2;140;76;27m▄[38;2;234;216;129;48;2;71;19;1m▄[38;2;171;152;44;48;2;178;159;63m▄[38;2;61;20;1;48;2;163;138;47m▄[38;2;152;73;33;48;2;147;71;39m▄[38;2;56;18;19;48;2;142;74;49m▄[m
