␛[48;2;0;0;42m␛[38;2;0;0;32m▄␛[48;2;0;0;57m␛[38;2;0;0;121m▄␛[48;2;0;0;44m␛[38;2;0;0;111m▄␛[48;2;0;0;45m␛[38;2;0;0;75m▄␛[48;2;9;142;159m␛[38;2;0;0;76m▄␛[48;2;0;0;103m␛[38;2;84;255;255m▄␛[48;2;0;0;70m␛[38;2;0;27;141m▄␛[48;2;0;130;255m␛[38;2;0;46;142m▄␛[48;2;0;2;127m␛[38;2;0;55;186m▄␛[48;2;0;0;104m␛[38;2;0;48;177m▄␛[48;2;0;1;228m␛[38;2;0;76;226m▄␛[48;2;0;2;158m␛[38;2;0;102;214m▄␛[48;2;0;9;123m␛[38;2;0;139;255m▄␛[48;2;0;22;132m␛[38;2;0;114;220m▄␛[48;2;0;27;118m␛[38;2;0;114;246m▄␛[48;2;0;18;178m␛[38;2;0;108;246m▄␛[48;2;34;147;255m␛[38;2;63;230;255m▄␛[48;2;116;22;28m␛[38;2;111;54;48m▄␛[48;2;67;21;18m␛[38;2;62;22;13m▄␛[48;2;46;12;31m␛[38;2;84;24;10m▄␛[48;2;7;138;255m␛[38;2;121;255;255m▄␛[48;2;0;114;255m␛[38;2;0;168;255m▄␛[48;2;0;60;234m␛[38;2;0;122;255m▄␛[48;2;0;86;255m␛[38;2;0;152;255m▄␛[48;2;0;121;255m␛[38;2;0;120;255m▄␛[48;2;0;132;255m␛[38;2;0;90;255m▄␛[48;2;0;105;255m␛[38;2;0;116;255m▄␛[48;2;0;87;255m␛[38;2;0;106;255m▄␛[48;2;0;9;255m␛[38;2;0;26;255m▄␛[48;2;0;54;255m␛[38;2;0;115;255m▄␛[48;2;0;0;255m␛[38;2;0;7;255m▄␛[48;2;0;0;175m␛[38;2;0;4;255m▄␛[48;2;0;0;250m␛[38;2;0;3;248m▄␛[38;2;0;0;255m▄␛[48;2;0;0;244m␛[38;2;0;0;254m▄␛[48;2;0;0;121m␛[38;2;0;0;216m▄␛[48;2;0;0;90m␛[38;2;0;0;128m▄␛[48;2;0;0;108m␛[38;2;0;0;105m▄␛[48;2;0;0;148m␛[38;2;0;0;165m▄␛[48;2;0;0;255m␛[38;2;0;0;255m▄␛[0m
␛[48;2;60;54;255m␛[38;2;0;0;96m▄␛[48;2;0;0;144m␛[38;2;54;44;255m▄␛[48;2;0;0;200m␛[38;2;0;0;193m▄␛[48;2;0;0;94m␛[38;2;0;0;86m▄␛[48;2;0;9;112m␛[38;2;0;0;91m▄␛[48;2;0;0;106m␛[38;2;0;9;98m▄␛[48;2;51;205;255m␛[38;2;0;33;112m▄␛[48;2;0;70;116m␛[38;2;0;73;162m▄␛[48;2;0;169;255m␛[38;2;0;73;136m▄␛[48;2;0;81;216m␛[38;2;0;76;225m▄␛[48;2;0;62;181m␛[38;2;0;67;192m▄␛[48;2;0;91;206m␛[38;2;0;73;196m▄␛[48;2;0;69;156m␛[38;2;0;142;255m▄␛[48;2;0;88;208m␛[38;2;0;98;219m▄␛[48;2;0;105;252m␛[38;2;0;182;255m▄␛[48;2;0;171;255m␛[38;2;100;146;156m▄␛[48;2;91;255;255m␛[38;2;46;40;82m▄␛[48;2;90;57;54m␛[38;2;73;80;124m▄␛[48;2;73;15;20m␛[38;2;52;74;142m▄␛[48;2;100;33;22m␛[38;2;104;33;16m▄␛[48;2;141;62;43m␛[38;2;146;52;58m▄␛[48;2;3;232;255m␛[38;2;144;255;255m▄␛[48;2;0;198;255m␛[38;2;0;255;255m▄␛[48;2;0;146;255m▄␛[48;2;0;172;255m␛[38;2;0;188;255m▄␛[48;2;0;130;255m␛[38;2;0;150;255m▄␛[48;2;0;76;255m␛[38;2;0;183;255m▄␛[48;2;0;129;255m␛[38;2;0;184;255m▄␛[48;2;39;255;255m␛[38;2;24;255;255m▄␛[48;2;0;50;255m␛[38;2;0;84;255m▄␛[48;2;0;45;255m␛[38;2;0;148;255m▄␛[48;2;0;40;255m␛[38;2;0;80;255m▄␛[48;2;0;1;255m␛[38;2;0;18;255m▄␛[48;2;0;9;255m␛[38;2;0;14;255m▄␛[48;2;0;0;230m␛[38;2;0;0;255m▄␛[48;2;0;0;255m▄␛[48;2;0;0;162m␛[38;2;0;0;165m▄␛[48;2;0;0;86m␛[38;2;0;0;93m▄␛[48;2;0;0;168m␛[38;2;0;0;140m▄␛[48;2;0;0;255m␛[38;2;0;42;255m▄␛[0m
␛[48;2;0;84;166m␛[38;2;0;26;109m▄␛[48;2;0;0;127m␛[38;2;0;121;181m▄␛[48;2;39;72;255m␛[38;2;0;8;124m▄␛[48;2;0;0;117m␛[38;2;0;70;255m▄␛[48;2;0;18;94m␛[38;2;0;43;104m▄␛[48;2;0;68;140m␛[38;2;0;21;85m▄␛[48;2;0;56;147m␛[38;2;0;45;135m▄␛[48;2;0;72;180m␛[38;2;0;27;133m▄␛[48;2;0;54;188m␛[38;2;0;152;255m▄␛[48;2;0;70;228m␛[38;2;0;82;255m▄␛[48;2;0;68;254m␛[38;2;0;81;255m▄␛[48;2;0;98;255m␛[38;2;0;49;255m▄␛[48;2;0;98;252m␛[38;2;0;72;255m▄␛[48;2;0;181;255m␛[38;2;48;189;255m▄␛[48;2;82;152;178m␛[38;2;38;31;73m▄␛[48;2;57;27;34m␛[38;2;169;158;194m▄␛[48;2;9;57;70m␛[38;2;24;62;86m▄␛[48;2;51;37;78m␛[38;2;14;43;109m▄␛[48;2;27;40;75m␛[38;2;55;0;26m▄␛[48;2;96;57;66m␛[38;2;0;0;4m▄␛[48;2;156;60;57m␛[38;2;40;20;33m▄␛[48;2;127;68;63m␛[38;2;133;37;34m▄␛[48;2;51;255;255m␛[38;2;157;255;255m▄␛[48;2;0;255;255m␛[38;2;128;255;255m▄␛[38;2;151;86;82m▄␛[48;2;0;235;255m␛[38;2;217;67;60m▄␛[48;2;1;206;255m␛[38;2;202;51;45m▄␛[48;2;21;255;255m␛[38;2;199;78;72m▄␛[48;2;0;184;255m␛[38;2;142;238;229m▄␛[48;2;0;216;255m␛[38;2;22;255;255m▄␛[48;2;0;144;255m␛[38;2;0;255;255m▄␛[48;2;0;103;255m␛[38;2;0;237;255m▄␛[48;2;0;186;255m␛[38;2;0;162;255m▄␛[48;2;0;28;255m␛[38;2;0;67;255m▄␛[48;2;0;0;222m␛[38;2;0;13;235m▄␛[48;2;0;1;199m␛[38;2;0;6;199m▄␛[48;2;0;2;178m␛[38;2;0;14;255m▄␛[48;2;0;0;192m␛[38;2;0;31;255m▄␛[48;2;0;18;255m␛[38;2;0;0;255m▄␛[48;2;0;0;255m␛[38;2;0;4;255m▄␛[0m
␛[48;2;0;0;66m␛[38;2;0;0;7m▄␛[48;2;0;51;79m␛[38;2;0;0;86m▄␛[48;2;0;55;123m␛[38;2;0;100;174m▄␛[48;2;0;21;156m␛[38;2;0;46;166m▄␛[48;2;0;37;190m␛[38;2;0;46;174m▄␛[48;2;0;21;108m␛[38;2;0;106;255m▄␛[48;2;0;60;194m␛[38;2;0;129;255m▄␛[48;2;0;117;255m␛[38;2;0;152;255m▄␛[48;2;0;74;255m␛[38;2;12;246;255m▄␛[48;2;0;136;255m␛[38;2;0;189;255m▄␛[48;2;0;81;255m␛[38;2;0;124;255m▄␛[48;2;0;82;255m␛[38;2;24;169;255m▄␛[48;2;3;129;255m␛[38;2;164;232;232m▄␛[48;2;126;226;255m␛[38;2;207;60;63m▄␛[48;2;15;62;110m␛[38;2;252;94;79m▄␛[48;2;105;255;255m␛[38;2;255;94;87m▄␛[48;2;205;255;253m␛[38;2;163;66;66m▄␛[48;2;255;186;118m␛[38;2;255;164;1m▄␛[48;2;255;157;0m␛[38;2;255;109;0m▄␛[48;2;163;118;19m␛[38;2;255;115;22m▄␛[48;2;62;49;91m␛[38;2;16;10;43m▄␛[48;2;175;153;150m␛[38;2;92;100;102m▄␛[48;2;211;244;240m␛[38;2;85;14;8m▄␛[48;2;207;82;60m␛[38;2;255;138;120m▄␛[48;2;238;86;76m␛[38;2;207;78;68m▄␛[48;2;229;85;75m␛[38;2;182;64;55m▄␛[48;2;216;74;64m␛[38;2;169;57;49m▄␛[48;2;154;62;52m␛[38;2;116;38;34m▄␛[48;2;121;26;19m␛[38;2;236;92;94m▄␛[48;2;220;255;255m␛[38;2;96;56;48m▄␛[48;2;0;255;255m␛[38;2;44;255;255m▄␛[48;2;0;216;255m␛[38;2;0;235;255m▄␛[48;2;0;82;255m␛[38;2;0;162;255m▄␛[48;2;0;174;255m␛[38;2;0;255;255m▄␛[48;2;0;96;255m␛[38;2;0;130;255m▄␛[48;2;0;9;195m␛[38;2;0;43;255m▄␛[48;2;0;9;255m␛[38;2;0;42;255m▄␛[48;2;0;24;255m␛[38;2;0;22;255m▄␛[48;2;0;12;255m␛[38;2;0;10;255m▄␛[48;2;0;0;255m␛[38;2;0;0;255m▄␛[0m
␛[48;2;0;164;148m␛[38;2;0;8;88m▄␛[48;2;0;0;57m␛[38;2;0;15;104m▄␛[48;2;0;3;92m␛[38;2;0;19;205m▄␛[48;2;0;64;138m␛[38;2;0;57;226m▄␛[48;2;0;187;243m␛[38;2;0;57;247m▄␛[48;2;0;123;255m␛[38;2;0;204;255m▄␛[48;2;0;189;255m␛[38;2;0;235;255m▄␛[48;2;232;255;255m␛[38;2;74;250;255m▄␛[48;2;217;255;255m␛[38;2;0;188;255m▄␛[48;2;0;210;255m␛[38;2;0;146;255m▄␛[48;2;0;181;255m␛[38;2;0;106;255m▄␛[48;2;18;42;70m␛[38;2;36;214;255m▄␛[48;2;105;51;38m␛[38;2;91;94;98m▄␛[48;2;183;70;62m␛[38;2;115;24;19m▄␛[48;2;198;73;61m␛[38;2;132;43;33m▄␛[48;2;210;85;72m␛[38;2;106;30;26m▄␛[48;2;135;152;169m␛[38;2;75;63;86m▄␛[48;2;246;255;255m␛[38;2;54;2;16m▄␛[48;2;169;96;76m␛[38;2;36;57;87m▄␛[48;2;168;99;42m␛[38;2;200;57;69m▄␛[48;2;18;30;10m␛[38;2;82;4;0m▄␛[48;2;90;80;99m␛[38;2;133;142;157m▄␛[48;2;114;37;33m␛[38;2;82;80;96m▄␛[48;2;138;55;42m␛[38;2;64;4;9m▄␛[48;2;144;49;42m␛[38;2;99;36;28m▄␛[48;2;145;50;43m␛[38;2;115;38;34m▄␛[48;2;109;31;31m␛[38;2;140;56;58m▄␛[48;2;202;73;63m␛[38;2;104;22;25m▄␛[48;2;162;63;56m␛[38;2;130;52;46m▄␛[48;2;129;43;30m␛[38;2;117;94;84m▄␛[48;2;163;61;78m␛[38;2;196;255;255m▄␛[48;2;6;248;255m␛[38;2;114;255;255m▄␛[48;2;0;249;255m␛[38;2;0;229;255m▄␛[48;2;0;162;255m␛[38;2;69;255;255m▄␛[48;2;0;212;255m␛[38;2;0;170;255m▄␛[48;2;0;164;255m␛[38;2;0;159;255m▄␛[48;2;0;12;255m␛[38;2;0;30;255m▄␛[48;2;0;16;255m␛[38;2;0;14;255m▄␛[48;2;0;0;236m␛[38;2;0;46;255m▄␛[48;2;0;31;196m␛[38;2;0;86;212m▄␛[0m
␛[48;2;0;15;102m␛[38;2;0;10;139m▄␛[48;2;0;0;182m␛[38;2;0;22;193m▄␛[48;2;0;50;220m␛[38;2;0;16;195m▄␛[48;2;0;27;219m␛[38;2;3;70;255m▄␛[48;2;0;31;241m␛[38;2;0;45;255m▄␛[48;2;0;84;255m␛[38;2;0;16;255m▄␛[48;2;0;87;255m␛[38;2;0;98;255m▄␛[48;2;0;116;255m␛[38;2;0;136;255m▄␛[48;2;0;178;255m␛[38;2;0;128;255m▄␛[48;2;0;158;255m␛[38;2;7;139;255m▄␛[48;2;0;140;255m␛[38;2;0;205;255m▄␛[48;2;135;255;255m␛[38;2;13;255;255m▄␛[48;2;148;60;49m␛[38;2;78;255;255m▄␛[48;2;152;40;34m␛[38;2;218;64;84m▄␛[48;2;115;44;28m␛[38;2;104;33;16m▄␛[48;2;76;21;18m␛[38;2;105;50;43m▄␛[48;2;46;6;2m␛[38;2;97;0;18m▄␛[48;2;92;27;24m␛[38;2;156;10;2m▄␛[48;2;255;55;68m␛[38;2;0;0;31m▄␛[48;2;194;54;46m␛[38;2;0;0;13m▄␛[48;2;213;16;25m␛[38;2;21;20;50m▄␛[48;2;166;166;177m␛[38;2;75;100;133m▄␛[48;2;86;92;105m␛[38;2;1;7;0m▄␛[48;2;0;0;2m␛[38;2;8;14;31m▄␛[48;2;109;31;34m␛[38;2;0;0;0m▄␛[48;2;106;39;33m▄␛[48;2;124;46;43m␛[38;2;0;0;4m▄␛[48;2;151;55;55m␛[38;2;9;12;19m▄␛[48;2;145;54;60m␛[38;2;48;55;103m▄␛[48;2;177;72;78m␛[38;2;146;198;198m▄␛[48;2;204;181;182m␛[38;2;204;255;255m▄␛[48;2;100;255;255m␛[38;2;144;255;255m▄␛[48;2;118;255;255m␛[38;2;136;255;255m▄␛[48;2;3;224;255m␛[38;2;108;255;255m▄␛[48;2;0;164;255m␛[38;2;97;255;255m▄␛[48;2;0;133;255m␛[38;2;144;255;255m▄␛[48;2;0;192;255m␛[38;2;40;232;255m▄␛[48;2;0;189;255m␛[38;2;0;78;255m▄␛[48;2;0;24;255m␛[38;2;0;49;255m▄␛[48;2;0;0;255m␛[38;2;0;6;255m▄␛[0m
␛[48;2;0;26;180m␛[38;2;0;8;142m▄␛[48;2;0;3;123m␛[38;2;0;0;121m▄␛[48;2;0;6;144m␛[38;2;0;9;163m▄␛[48;2;0;4;255m␛[38;2;0;21;228m▄␛[48;2;0;31;255m␛[38;2;0;51;249m▄␛[48;2;62;255;255m␛[38;2;0;84;255m▄␛[48;2;0;61;255m␛[38;2;0;132;255m▄␛[48;2;0;139;255m␛[38;2;58;205;255m▄␛[48;2;118;255;255m␛[38;2;129;49;40m▄␛[48;2;255;61;46m␛[38;2;255;50;52m▄␛[48;2;254;74;49m␛[38;2;96;0;3m▄␛[48;2;158;255;255m␛[38;2;122;136;157m▄␛[48;2;129;148;138m␛[38;2;218;255;255m▄␛[48;2;24;78;80m␛[38;2;156;153;165m▄␛[48;2;195;208;219m␛[38;2;56;62;72m▄␛[48;2;117;110;120m␛[38;2;246;43;49m▄␛[48;2;92;92;81m␛[38;2;21;18;46m▄␛[48;2;72;49;52m␛[38;2;4;14;50m▄␛[48;2;188;198;199m␛[38;2;51;1;0m▄␛[48;2;104;96;99m␛[38;2;33;39;87m▄␛[48;2;0;0;4m␛[38;2;36;39;81m▄␛[48;2;181;110;90m␛[38;2;22;39;110m▄␛[48;2;16;15;48m␛[38;2;15;19;46m▄␛[48;2;0;0;19m␛[38;2;0;0;0m▄␛[48;2;30;26;52m␛[38;2;115;145;163m▄␛[48;2;124;255;255m␛[38;2;104;255;255m▄␛[48;2;127;157;178m␛[38;2;172;252;255m▄␛[48;2;110;124;170m␛[38;2;13;28;69m▄␛[48;2;26;34;64m␛[38;2;66;73;121m▄␛[48;2;80;99;170m␛[38;2;64;78;105m▄␛[48;2;153;255;255m␛[38;2;56;54;68m▄␛[48;2;199;208;223m␛[38;2;190;212;219m▄␛[48;2;106;110;120m␛[38;2;160;255;255m▄␛[48;2;196;199;206m␛[38;2;212;255;255m▄␛[48;2;85;114;117m␛[38;2;100;255;255m▄␛[48;2;85;102;106m␛[38;2;60;255;255m▄␛[48;2;114;134;152m␛[38;2;72;55;70m▄␛[48;2;30;184;255m␛[38;2;8;246;255m▄␛[48;2;0;30;255m␛[38;2;0;44;255m▄␛[48;2;0;3;255m␛[38;2;0;9;255m▄␛[0m
␛[48;2;0;0;136m␛[38;2;0;0;183m▄␛[48;2;0;27;196m␛[38;2;0;24;224m▄␛[48;2;0;58;238m␛[38;2;0;26;237m▄␛[48;2;0;46;229m␛[38;2;0;93;247m▄␛[48;2;0;93;255m␛[38;2;0;255;255m▄␛[48;2;0;129;255m␛[38;2;38;219;255m▄␛[48;2;34;207;255m␛[38;2;45;57;63m▄␛[48;2;176;84;87m␛[38;2;194;255;255m▄␛[48;2;184;31;24m␛[38;2;171;73;87m▄␛[48;2;111;7;7m␛[38;2;87;10;8m▄␛[48;2;92;9;13m␛[38;2;130;21;14m▄␛[48;2;122;255;255m␛[38;2;176;255;255m▄␛[48;2;145;255;255m␛[38;2;106;255;255m▄␛[48;2;165;162;184m␛[38;2;176;234;229m▄␛[48;2;96;57;61m␛[38;2;146;85;91m▄␛[48;2;2;49;43m␛[38;2;133;255;255m▄␛[48;2;30;30;58m␛[38;2;25;25;56m▄␛[48;2;205;205;220m␛[38;2;105;104;111m▄␛[48;2;30;32;39m␛[38;2;248;244;142m▄␛[48;2;73;94;158m␛[38;2;190;114;82m▄␛[48;2;57;66;127m␛[38;2;52;62;96m▄␛[48;2;42;15;61m␛[38;2;43;60;93m▄␛[48;2;0;0;12m␛[38;2;27;0;0m▄␛[48;2;0;0;0m␛[38;2;33;36;45m▄␛[48;2;177;194;200m␛[38;2;194;190;216m▄␛[48;2;190;189;193m␛[38;2;75;94;133m▄␛[48;2;37;52;87m␛[38;2;31;43;85m▄␛[48;2;84;93;148m␛[38;2;25;44;81m▄␛[48;2;56;66;121m␛[38;2;144;255;255m▄␛[48;2;96;255;255m␛[38;2;12;255;255m▄␛[48;2;69;255;255m␛[38;2;127;255;255m▄␛[48;2;104;255;255m␛[38;2;0;255;255m▄␛[48;2;212;255;255m␛[38;2;189;255;255m▄␛[48;2;255;255;255m␛[38;2;219;255;255m▄␛[48;2;91;255;255m␛[38;2;159;217;220m▄␛[48;2;106;154;160m␛[38;2;90;98;102m▄␛[48;2;186;205;206m␛[38;2;16;229;255m▄␛[48;2;0;213;255m␛[38;2;0;102;255m▄␛[48;2;0;52;255m␛[38;2;0;106;255m▄␛[48;2;0;20;255m␛[38;2;0;9;255m▄␛[0m
␛[48;2;0;6;224m␛[38;2;0;32;255m▄␛[48;2;0;38;255m␛[38;2;0;54;255m▄␛[48;2;0;62;255m␛[38;2;0;97;255m▄␛[48;2;0;127;255m␛[38;2;0;140;255m▄␛[48;2;3;172;255m␛[38;2;39;182;255m▄␛[48;2;158;158;168m␛[38;2;124;132;150m▄␛[48;2;98;232;255m␛[38;2;44;210;255m▄␛[48;2;0;205;255m␛[38;2;0;195;255m▄␛[48;2;0;224;255m␛[38;2;0;206;255m▄␛[48;2;164;231;235m␛[38;2;70;236;255m▄␛[48;2;68;8;13m␛[38;2;158;254;255m▄␛[48;2;199;34;32m␛[38;2;232;195;201m▄␛[48;2;144;14;18m␛[38;2;243;255;255m▄␛[48;2;154;26;10m␛[38;2;69;255;255m▄␛[48;2;122;255;255m␛[38;2;111;255;255m▄␛[48;2;96;133;150m␛[38;2;58;64;102m▄␛[48;2;37;46;85m␛[38;2;38;48;84m▄␛[48;2;10;30;67m␛[38;2;171;195;195m▄␛[48;2;255;216;87m␛[38;2;181;240;219m▄␛[48;2;255;255;102m␛[38;2;255;255;99m▄␛[48;2;255;226;57m␛[38;2;255;212;80m▄␛[48;2;62;46;12m␛[38;2;156;164;85m▄␛[48;2;63;66;102m␛[38;2;42;0;0m▄␛[48;2;84;79;87m␛[38;2;0;0;0m▄␛[48;2;67;86;140m␛[38;2;134;151;157m▄␛[48;2;24;34;60m␛[38;2;0;26;33m▄␛[48;2;2;15;50m␛[38;2;104;97;135m▄␛[48;2;222;255;254m␛[38;2;93;255;255m▄␛[48;2;76;255;255m␛[38;2;158;255;255m▄␛[48;2;114;255;255m␛[38;2;193;255;255m▄␛[48;2;9;255;255m␛[38;2;160;255;255m▄␛[48;2;0;253;255m␛[38;2;177;255;255m▄␛[48;2;165;255;255m␛[38;2;202;202;213m▄␛[48;2;218;224;219m␛[38;2;193;255;255m▄␛[48;2;118;138;135m␛[38;2;48;255;255m▄␛[48;2;55;237;255m␛[38;2;0;194;255m▄␛[48;2;0;193;255m␛[38;2;0;182;255m▄␛[48;2;0;134;255m␛[38;2;0;177;255m▄␛[48;2;0;118;255m␛[38;2;0;248;255m▄␛[48;2;0;18;255m␛[38;2;0;121;255m▄␛[0m
␛[48;2;0;60;255m␛[38;2;0;145;255m▄␛[48;2;0;88;255m␛[38;2;0;141;255m▄␛[48;2;0;148;255m␛[38;2;0;193;255m▄␛[48;2;0;151;255m␛[38;2;0;139;255m▄␛[48;2;9;195;255m␛[38;2;0;193;255m▄␛[48;2;182;188;212m␛[38;2;81;252;255m▄␛[48;2;108;255;255m␛[38;2;170;160;170m▄␛[48;2;201;255;255m␛[38;2;116;121;126m▄␛[48;2;133;255;255m␛[38;2;166;180;189m▄␛[48;2;151;255;255m␛[38;2;30;30;55m▄␛[48;2;86;156;153m␛[38;2;178;255;255m▄␛[48;2;117;134;144m␛[38;2;88;255;255m▄␛[48;2;120;133;146m␛[38;2;139;255;255m▄␛[48;2;139;176;170m␛[38;2;159;255;255m▄␛[48;2;153;210;224m␛[38;2;33;37;69m▄␛[48;2;39;52;88m␛[38;2;177;181;190m▄␛[48;2;44;91;130m␛[38;2;145;139;156m▄␛[48;2;128;255;255m␛[38;2;100;139;136m▄␛[48;2;117;144;157m␛[38;2;57;75;105m▄␛[48;2;72;127;183m␛[38;2;62;72;129m▄␛[48;2;38;31;76m␛[38;2;64;72;145m▄␛[48;2;85;109;25m␛[38;2;68;90;153m▄␛[48;2;0;0;0m␛[38;2;0;13;38m▄␛[48;2;43;42;78m␛[38;2;7;12;34m▄␛[48;2;60;50;68m␛[38;2;20;34;78m▄␛[48;2;255;51;0m␛[38;2;135;0;0m▄␛[48;2;0;0;0m␛[38;2;31;37;85m▄␛[48;2;202;255;255m␛[38;2;97;110;142m▄␛[48;2;148;255;255m␛[38;2;67;60;76m▄␛[48;2;220;255;255m␛[38;2;144;156;163m▄␛[48;2;84;88;108m␛[38;2;176;255;255m▄␛[48;2;85;97;111m␛[38;2;24;255;255m▄␛[48;2;74;255;255m␛[38;2;0;255;255m▄␛[48;2;108;255;255m␛[38;2;135;234;255m▄␛[48;2;14;246;255m␛[38;2;18;180;255m▄␛[48;2;0;255;255m␛[38;2;0;175;255m▄␛[48;2;0;198;255m␛[38;2;0;135;255m▄␛[48;2;0;138;255m␛[38;2;0;106;255m▄␛[48;2;0;136;255m␛[38;2;0;139;255m▄␛[48;2;0;26;255m␛[38;2;0;46;255m▄␛[0m
␛[48;2;0;207;255m␛[38;2;0;255;255m▄␛[48;2;0;192;255m▄␛[48;2;0;216;255m▄␛[48;2;0;146;255m␛[38;2;0;210;255m▄␛[48;2;0;200;255m␛[38;2;0;236;255m▄␛[48;2;0;222;255m␛[38;2;0;255;255m▄␛[48;2;2;255;255m▄␛[48;2;7;255;255m▄␛[48;2;117;255;255m␛[38;2;121;237;255m▄␛[48;2;72;254;255m␛[38;2;31;255;255m▄␛[48;2;111;255;255m␛[38;2;170;154;120m▄␛[48;2;142;255;255m␛[38;2;249;175;128m▄␛[48;2;196;255;255m␛[38;2;174;100;103m▄␛[48;2;127;98;118m␛[38;2;255;108;82m▄␛[48;2;34;48;82m␛[38;2;151;154;162m▄␛[48;2;24;39;84m␛[38;2;117;152;183m▄␛[48;2;121;255;255m␛[38;2;87;134;126m▄␛[48;2;0;4;12m␛[38;2;55;93;145m▄␛[48;2;170;180;183m␛[38;2;81;97;163m▄␛[48;2;122;124;138m␛[38;2;58;60;108m▄␛[48;2;66;72;141m␛[38;2;158;108;86m▄␛[48;2;114;61;0m␛[38;2;206;220;208m▄␛[48;2;19;31;37m␛[38;2;138;138;148m▄␛[48;2;12;24;56m␛[38;2;146;148;159m▄␛[48;2;44;42;80m␛[38;2;145;135;139m▄␛[48;2;198;148;142m␛[38;2;86;0;0m▄␛[48;2;190;175;206m␛[38;2;136;0;0m▄␛[48;2;146;141;164m␛[38;2;79;82;171m▄␛[48;2;70;96;109m␛[38;2;21;28;66m▄␛[48;2;145;255;255m␛[38;2;0;0;20m▄␛[48;2;142;255;255m␛[38;2;160;168;237m▄␛[48;2;0;255;255m␛[38;2;157;255;255m▄␛[38;2;22;255;255m▄␛[48;2;114;255;255m␛[38;2;141;246;255m▄␛[48;2;0;255;255m␛[38;2;0;216;255m▄␛[48;2;0;252;255m␛[38;2;0;175;255m▄␛[48;2;0;186;255m␛[38;2;1;247;255m▄␛[48;2;0;159;255m␛[38;2;0;208;255m▄␛[48;2;0;200;255m␛[38;2;0;198;255m▄␛[48;2;0;104;255m␛[38;2;0;199;255m▄␛[0m
␛[48;2;0;255;255m␛[38;2;117;255;255m▄␛[48;2;0;249;255m␛[38;2;0;255;255m▄␛[48;2;0;220;255m␛[38;2;16;255;255m▄␛[48;2;0;204;255m␛[38;2;0;255;255m▄␛[48;2;0;224;255m▄␛[48;2;0;255;255m␛[38;2;193;255;255m▄␛[38;2;0;255;255m▄▄␛[48;2;91;249;255m␛[38;2;37;226;255m▄␛[48;2;26;255;255m␛[38;2;0;250;255m▄␛[48;2;100;255;255m␛[38;2;72;255;255m▄␛[48;2;255;158;138m␛[38;2;120;255;255m▄␛[48;2;153;156;144m␛[38;2;15;255;255m▄␛[48;2;48;255;255m␛[38;2;44;255;255m▄␛[48;2;86;255;255m␛[38;2;20;56;85m▄␛[48;2;94;144;150m␛[38;2;92;56;46m▄␛[48;2;202;112;13m␛[38;2;120;94;46m▄␛[48;2;52;84;116m␛[38;2;26;1;45m▄␛[48;2;70;90;144m␛[38;2;136;0;0m▄␛[48;2;103;10;14m␛[38;2;15;33;34m▄␛[48;2;157;154;166m␛[38;2;144;146;150m▄␛[48;2;10;78;64m␛[38;2;31;36;67m▄␛[48;2;42;51;105m␛[38;2;79;94;165m▄␛[48;2;7;7;22m␛[38;2;12;18;27m▄␛[48;2;130;0;0m␛[38;2;172;255;255m▄␛[48;2;156;0;0m␛[38;2;159;0;0m▄␛[48;2;154;0;0m␛[38;2;206;0;0m▄␛[48;2;85;0;0m␛[38;2;126;0;0m▄␛[48;2;26;14;64m␛[38;2;192;98;0m▄␛[48;2;33;44;94m␛[38;2;30;37;85m▄␛[48;2;0;6;32m␛[38;2;81;91;153m▄␛[48;2;128;163;219m␛[38;2;163;86;22m▄␛[48;2;134;121;140m␛[38;2;142;124;181m▄␛[48;2;117;255;255m␛[38;2;55;91;151m▄␛[48;2;0;253;255m␛[38;2;0;237;255m▄␛[48;2;0;222;255m␛[38;2;38;230;255m▄␛[48;2;90;255;255m␛[38;2;255;255;255m▄␛[48;2;42;253;255m␛[38;2;88;255;255m▄␛[48;2;0;255;255m␛[38;2;0;235;255m▄␛[38;2;0;241;255m▄␛[0m
␛[48;2;232;255;255m␛[38;2;109;255;255m▄␛[48;2;0;246;255m␛[38;2;0;238;255m▄␛[48;2;0;193;255m␛[38;2;0;189;255m▄␛[48;2;0;230;255m␛[38;2;0;228;255m▄␛[48;2;0;255;255m␛[38;2;0;255;255m▄␛[48;2;255;255;255m␛[38;2;194;255;255m▄␛[48;2;0;255;255m␛[38;2;147;255;255m▄␛[48;2;0;242;255m␛[38;2;0;255;255m▄␛[48;2;0;255;255m▄␛[48;2;19;255;255m␛[38;2;7;247;255m▄␛[48;2;60;255;255m␛[38;2;66;255;255m▄␛[48;2;122;255;255m␛[38;2;138;255;255m▄␛[48;2;45;255;255m␛[38;2;21;34;40m▄␛[48;2;28;34;58m␛[38;2;6;37;40m▄␛[48;2;76;82;130m␛[38;2;128;0;0m▄␛[48;2;90;10;1m␛[38;2;159;0;0m▄␛[48;2;189;1;0m␛[38;2;12;0;0m▄␛[48;2;106;0;0m␛[38;2;0;0;0m▄␛[48;2;43;50;66m␛[38;2;0;0;7m▄␛[48;2;114;110;114m␛[38;2;142;255;255m▄␛[48;2;169;255;255m␛[38;2;145;255;255m▄␛[48;2;79;92;145m␛[38;2;73;92;159m▄␛[48;2;84;102;183m␛[38;2;46;40;102m▄␛[48;2;12;25;52m␛[38;2;33;12;37m▄␛[48;2;117;255;255m␛[38;2;69;255;255m▄␛[48;2;76;255;255m␛[38;2;10;255;255m▄␛[48;2;234;9;0m␛[38;2;93;255;255m▄␛[48;2;159;0;0m␛[38;2;160;255;255m▄␛[48;2;142;0;0m␛[38;2;159;44;50m▄␛[48;2;37;24;56m␛[38;2;27;13;50m▄␛[48;2;32;45;81m␛[38;2;27;37;73m▄␛[48;2;32;30;74m␛[38;2;63;74;126m▄␛[48;2;110;96;108m␛[38;2;30;42;99m▄␛[48;2;130;104;75m␛[38;2;255;174;0m▄␛[48;2;129;255;255m␛[38;2;117;100;174m▄␛[48;2;164;255;255m␛[38;2;171;255;255m▄␛[48;2;255;255;255m␛[38;2;200;255;255m▄␛[48;2;81;255;255m␛[38;2;0;225;255m▄␛[48;2;0;248;255m␛[38;2;0;243;255m▄␛[48;2;0;246;255m␛[38;2;0;200;255m▄␛[0m
␛[48;2;38;238;255m␛[38;2;0;255;255m▄␛[48;2;0;204;255m␛[38;2;69;255;255m▄␛[48;2;0;176;255m␛[38;2;0;192;255m▄␛[48;2;1;255;255m␛[38;2;0;178;255m▄␛[48;2;0;255;255m␛[38;2;0;189;255m▄␛[38;2;0;212;255m▄␛[48;2;0;253;255m␛[38;2;118;255;255m▄␛[48;2;0;255;255m␛[38;2;150;144;201m▄␛[48;2;49;255;255m␛[38;2;109;160;244m▄␛[48;2;135;154;151m␛[38;2;88;56;75m▄␛[48;2;202;98;20m␛[38;2;171;142;76m▄␛[48;2;152;177;238m␛[38;2;3;0;0m▄␛[48;2;10;0;0m␛[38;2;0;0;4m▄␛[48;2;0;6;6m␛[38;2;0;16;34m▄␛[48;2;211;175;172m␛[38;2;61;255;255m▄␛[48;2;158;255;255m␛[38;2;18;255;255m▄␛[48;2;0;0;2m␛[38;2;0;0;0m▄␛[48;2;0;0;0m␛[38;2;0;0;6m▄␛[48;2;48;51;105m␛[38;2;26;37;60m▄␛[48;2;67;255;255m␛[38;2;108;255;255m▄␛[48;2;79;255;255m␛[38;2;160;255;255m▄␛[48;2;52;72;105m␛[38;2;109;69;54m▄␛[48;2;10;0;16m␛[38;2;86;26;31m▄␛[48;2;104;27;18m␛[38;2;231;123;110m▄␛[48;2;182;255;255m␛[38;2;151;255;255m▄␛[48;2;103;255;255m␛[38;2;94;255;255m▄␛[48;2;207;255;255m␛[38;2;128;255;255m▄␛[48;2;24;255;255m␛[38;2;12;255;255m▄␛[48;2;60;255;255m␛[38;2;0;255;255m▄␛[48;2;24;9;50m␛[38;2;171;52;20m▄␛[48;2;18;20;55m␛[38;2;16;16;43m▄␛[48;2;28;36;78m␛[38;2;19;31;69m▄␛[48;2;28;38;81m␛[38;2;33;37;73m▄␛[48;2;34;33;91m␛[38;2;61;22;32m▄␛[48;2;154;105;36m␛[38;2;84;70;169m▄␛[48;2;192;255;255m␛[38;2;80;123;190m▄␛[48;2;67;218;255m␛[38;2;6;232;255m▄␛[48;2;19;207;255m␛[38;2;0;255;255m▄␛[48;2;0;255;255m␛[38;2;0;235;255m▄␛[38;2;0;192;255m▄␛[0m
␛[48;2;0;210;255m␛[38;2;0;186;255m▄␛[48;2;0;157;255m␛[38;2;0;75;255m▄␛[48;2;0;164;255m␛[38;2;0;98;255m▄␛[48;2;0;133;255m␛[38;2;0;130;255m▄␛[48;2;0;142;255m␛[38;2;0;132;255m▄␛[48;2;93;255;255m␛[38;2;180;134;0m▄␛[48;2;127;130;255m␛[38;2;144;96;26m▄␛[48;2;255;153;0m␛[38;2;26;22;22m▄␛[48;2;32;15;27m␛[38;2;111;255;255m▄␛[48;2;189;255;255m␛[38;2;40;255;255m▄␛[48;2;175;246;255m␛[38;2;255;159;0m▄␛[48;2;180;130;68m␛[38;2;33;45;81m▄␛[48;2;10;21;49m␛[38;2;45;14;61m▄␛[48;2;163;255;255m␛[38;2;70;255;255m▄␛[48;2;31;255;255m␛[38;2;88;255;255m▄␛[48;2;0;255;255m␛[38;2;93;255;255m▄␛[48;2;60;142;146m␛[38;2;43;34;67m▄␛[48;2;4;0;15m␛[38;2;0;0;6m▄␛[48;2;13;18;51m␛[38;2;0;0;12m▄␛[48;2;164;241;243m␛[38;2;32;39;48m▄␛[48;2;0;4;3m␛[38;2;62;62;78m▄␛[48;2;145;55;49m␛[38;2;121;37;39m▄␛[48;2;92;25;21m␛[38;2;141;48;55m▄␛[48;2;165;60;50m␛[38;2;236;100;87m▄␛[48;2;108;255;255m␛[38;2;108;255;255m▄␛[48;2;74;255;255m␛[38;2;18;255;255m▄␛[48;2;27;255;255m␛[38;2;123;255;255m▄␛[48;2;14;255;255m␛[38;2;134;255;255m▄␛[48;2;124;255;255m␛[38;2;133;255;255m▄␛[48;2;144;255;255m␛[38;2;49;255;255m▄␛[48;2;34;14;0m␛[38;2;156;255;255m▄␛[48;2;26;32;69m␛[38;2;33;37;72m▄␛[48;2;48;61;117m␛[38;2;60;69;141m▄␛[48;2;19;28;62m␛[38;2;14;26;68m▄␛[48;2;255;88;0m␛[38;2;8;31;56m▄␛[48;2;124;115;36m␛[38;2;79;63;66m▄␛[48;2;50;236;255m␛[38;2;172;226;255m▄␛[48;2;0;189;255m␛[38;2;0;184;255m▄␛[48;2;0;213;255m␛[38;2;0;180;255m▄␛[48;2;0;255;255m␛[38;2;0;126;255m▄␛[0m
␛[48;2;0;80;255m␛[38;2;0;7;255m▄␛[48;2;0;93;255m▄␛[48;2;0;91;255m␛[38;2;0;44;255m▄␛[48;2;0;104;255m␛[38;2;0;110;255m▄␛[48;2;27;132;255m␛[38;2;84;178;255m▄␛[48;2;255;157;0m␛[38;2;26;30;94m▄␛[48;2;255;104;0m␛[38;2;231;212;187m▄␛[48;2;181;255;244m␛[38;2;1;222;255m▄␛[48;2;0;255;255m␛[38;2;0;255;255m▄␛[48;2;42;255;255m␛[38;2;114;255;255m▄␛[48;2;76;92;169m␛[38;2;40;94;145m▄␛[48;2;0;36;57m␛[38;2;220;75;94m▄␛[48;2;133;255;255m␛[38;2;60;255;255m▄␛[48;2;144;253;255m␛[38;2;174;255;255m▄␛[48;2;0;255;255m␛[38;2;49;255;255m▄␛[48;2;130;255;255m␛[38;2;57;255;255m▄␛[48;2;169;255;255m␛[38;2;62;72;81m▄␛[48;2;0;0;3m␛[38;2;0;0;2m▄␛[48;2;9;9;25m␛[38;2;44;44;60m▄␛[48;2;36;36;43m␛[38;2;163;255;255m▄␛[48;2;19;44;56m␛[38;2;187;86;63m▄␛[48;2;92;26;13m␛[38;2;75;13;9m▄␛[48;2;87;31;20m␛[38;2;112;45;38m▄␛[48;2;176;255;255m␛[38;2;139;255;255m▄␛[48;2;175;255;255m␛[38;2;111;255;255m▄␛[48;2;157;255;255m␛[38;2;69;255;255m▄␛[48;2;160;255;255m␛[38;2;19;255;255m▄␛[48;2;73;255;255m␛[38;2;39;255;255m▄␛[48;2;74;255;255m␛[38;2;80;255;255m▄␛[48;2;49;255;255m␛[38;2;24;249;255m▄␛[48;2;88;250;255m␛[38;2;9;249;255m▄␛[48;2;184;127;133m␛[38;2;91;255;255m▄␛[48;2;48;74;111m␛[38;2;241;93;0m▄␛[48;2;51;67;111m␛[38;2;55;70;140m▄␛[48;2;19;22;84m␛[38;2;27;28;50m▄␛[48;2;56;12;9m␛[38;2;40;40;79m▄␛[48;2;79;93;136m␛[38;2;112;80;115m▄␛[48;2;12;140;255m␛[38;2;25;165;255m▄␛[48;2;0;78;255m␛[38;2;0;28;255m▄␛[48;2;0;32;255m␛[38;2;0;12;255m▄␛[0m
␛[48;2;0;3;255m␛[38;2;0;0;255m▄␛[48;2;0;0;255m▄␛[48;2;0;32;255m␛[38;2;0;60;255m▄␛[48;2;0;109;255m␛[38;2;37;116;255m▄␛[48;2;255;129;0m␛[38;2;165;111;82m▄␛[48;2;174;49;19m␛[38;2;38;169;255m▄␛[48;2;8;182;255m␛[38;2;0;159;255m▄␛[48;2;0;165;255m␛[38;2;0;106;255m▄␛[48;2;0;232;255m␛[38;2;0;205;255m▄␛[48;2;176;158;132m␛[38;2;163;117;93m▄␛[48;2;255;164;0m␛[38;2;82;88;158m▄␛[48;2;236;139;120m␛[38;2;118;255;255m▄␛[48;2;0;255;255m␛[38;2;0;253;255m▄␛[48;2;16;255;255m␛[38;2;0;247;255m▄␛[48;2;178;255;255m␛[38;2;0;255;255m▄␛[48;2;141;178;195m␛[38;2;152;255;255m▄␛[48;2;178;181;190m␛[38;2;12;14;24m▄␛[48;2;164;164;180m␛[38;2;63;66;75m▄␛[48;2;9;9;28m␛[38;2;51;51;67m▄␛[48;2;152;255;255m␛[38;2;97;96;103m▄␛[48;2;171;56;43m␛[38;2;150;50;44m▄␛[48;2;111;44;25m␛[38;2;100;28;14m▄␛[48;2;188;74;54m␛[38;2;198;60;60m▄␛[48;2;171;255;255m␛[38;2;50;255;255m▄␛[48;2;159;255;255m␛[38;2;40;238;255m▄␛[48;2;162;255;255m␛[38;2;37;246;255m▄␛[48;2;92;255;255m␛[38;2;4;255;255m▄␛[48;2;54;236;255m␛[38;2;0;255;255m▄␛[48;2;90;225;255m␛[38;2;0;242;255m▄␛[48;2;0;205;255m␛[38;2;0;249;255m▄␛[48;2;0;217;255m␛[38;2;0;157;255m▄␛[48;2;0;208;255m␛[38;2;0;135;255m▄␛[48;2;124;255;255m␛[38;2;0;177;255m▄␛[48;2;27;87;145m␛[38;2;189;255;255m▄␛[48;2;27;37;78m␛[38;2;36;49;91m▄␛[48;2;42;45;91m␛[38;2;37;44;92m▄␛[48;2;202;102;0m␛[38;2;52;43;90m▄␛[48;2;31;189;255m␛[38;2;44;254;255m▄␛[48;2;0;121;255m␛[38;2;0;138;255m▄␛[48;2;0;64;255m␛[38;2;0;90;255m▄␛[0m
␛[48;2;0;130;255m␛[38;2;0;20;255m▄␛[48;2;0;37;255m␛[38;2;0;63;255m▄␛[48;2;0;20;255m␛[38;2;0;0;254m▄␛[48;2;42;96;255m␛[38;2;0;13;255m▄␛[48;2;38;114;255m␛[38;2;0;24;255m▄␛[48;2;0;33;255m␛[38;2;0;22;255m▄␛[48;2;0;64;255m␛[38;2;0;8;255m▄␛[48;2;0;146;255m␛[38;2;129;255;255m▄␛[48;2;0;218;255m␛[38;2;0;85;255m▄␛[48;2;156;224;226m␛[38;2;45;224;255m▄␛[48;2;86;90;97m␛[38;2;28;90;189m▄␛[48;2;25;255;255m␛[38;2;0;232;255m▄␛[48;2;0;242;255m␛[38;2;0;237;255m▄␛[48;2;0;231;255m␛[38;2;0;238;255m▄␛[48;2;0;236;255m␛[38;2;0;237;255m▄␛[48;2;80;255;255m␛[38;2;31;255;255m▄␛[48;2;16;16;27m␛[38;2;73;73;88m▄␛[48;2;79;81;91m␛[38;2;85;85;100m▄␛[48;2;122;124;134m␛[38;2;153;153;169m▄␛[48;2;44;48;63m␛[38;2;133;140;150m▄␛[48;2;121;50;27m␛[38;2;138;38;36m▄␛[48;2;151;69;57m␛[38;2;182;62;63m▄␛[48;2;112;45;39m␛[38;2;198;230;211m▄␛[48;2;42;254;255m␛[38;2;0;219;255m▄␛[48;2;33;219;255m␛[38;2;0;218;255m▄␛[48;2;0;255;255m␛[38;2;0;213;255m▄␛[48;2;28;230;255m␛[38;2;0;207;255m▄␛[48;2;0;228;255m▄␛[48;2;0;194;255m␛[38;2;0;194;255m▄␛[48;2;0;207;255m␛[38;2;0;158;255m▄␛[48;2;0;223;255m␛[38;2;0;146;255m▄␛[48;2;0;234;255m␛[38;2;0;122;236m▄␛[48;2;0;168;255m␛[38;2;0;135;219m▄␛[48;2;9;211;255m␛[38;2;0;132;255m▄␛[48;2;223;81;25m␛[38;2;72;213;255m▄␛[48;2;20;52;103m␛[38;2;49;55;81m▄␛[48;2;54;82;128m␛[38;2;255;98;0m▄␛[48;2;34;212;255m␛[38;2;46;181;255m▄␛[48;2;0;207;255m␛[38;2;0;33;255m▄␛[48;2;0;45;255m␛[38;2;0;48;255m▄␛[0m
␛[48;2;0;58;255m␛[38;2;0;0;255m▄␛[48;2;0;0;211m␛[38;2;0;38;255m▄␛[48;2;0;0;204m␛[38;2;0;76;243m▄␛[48;2;0;44;255m␛[38;2;0;0;210m▄␛[48;2;0;0;255m␛[38;2;0;7;255m▄␛[48;2;0;1;255m␛[38;2;20;132;255m▄␛[48;2;97;255;255m␛[38;2;0;0;255m▄␛[48;2;0;49;255m␛[38;2;74;78;255m▄␛[48;2;106;154;255m␛[38;2;0;162;255m▄␛[48;2;0;184;255m␛[38;2;0;168;255m▄␛[48;2;133;49;31m␛[38;2;147;211;255m▄␛[48;2;0;249;255m␛[38;2;0;244;255m▄␛[48;2;0;229;255m␛[38;2;0;255;255m▄␛[48;2;0;175;255m␛[38;2;0;246;255m▄␛[48;2;0;226;255m␛[38;2;90;255;255m▄␛[48;2;30;255;255m␛[38;2;88;79;90m▄␛[48;2;1;7;24m␛[38;2;58;55;64m▄␛[48;2;3;7;32m␛[38;2;37;37;34m▄␛[48;2;14;20;49m␛[38;2;42;48;64m▄␛[48;2;58;56;66m␛[38;2;151;255;255m▄␛[48;2;111;28;28m␛[38;2;106;33;28m▄␛[48;2;178;80;74m␛[38;2;142;61;49m▄␛[48;2;138;255;255m␛[38;2;88;255;255m▄␛[48;2;0;210;255m␛[38;2;0;164;255m▄␛[48;2;0;184;255m␛[38;2;0;130;255m▄␛[48;2;0;138;255m␛[38;2;0;151;255m▄␛[48;2;96;255;255m␛[38;2;32;255;255m▄␛[48;2;0;165;255m␛[38;2;0;132;255m▄␛[48;2;0;140;255m␛[38;2;0;100;220m▄␛[48;2;0;142;255m␛[38;2;0;96;205m▄␛[48;2;0;106;255m␛[38;2;0;67;220m▄␛[48;2;0;100;228m␛[38;2;0;106;255m▄␛[48;2;0;116;255m␛[38;2;0;129;255m▄␛[38;2;3;132;216m▄␛[48;2;7;195;255m␛[38;2;0;37;206m▄␛[48;2;148;58;20m␛[38;2;61;224;255m▄␛[48;2;82;62;127m␛[38;2;64;100;162m▄␛[48;2;34;195;255m␛[38;2;15;228;255m▄␛[48;2;0;168;255m␛[38;2;0;235;255m▄␛[48;2;0;211;255m␛[38;2;72;255;255m▄␛[0m
␛[48;2;0;82;255m␛[38;2;0;115;255m▄␛[48;2;0;118;255m␛[38;2;0;0;255m▄␛[48;2;0;0;122m␛[38;2;0;0;156m▄␛[48;2;0;0;86m␛[38;2;0;102;171m▄␛[48;2;0;74;169m␛[38;2;0;0;62m▄␛[48;2;0;10;243m␛[38;2;0;14;193m▄␛[48;2;21;182;255m␛[38;2;1;1;204m▄␛[48;2;0;50;255m␛[38;2;0;0;132m▄␛[48;2;0;20;255m␛[38;2;0;0;170m▄␛[48;2;0;198;255m␛[38;2;0;22;206m▄␛[48;2;0;206;255m␛[38;2;0;100;255m▄␛[48;2;0;216;255m␛[38;2;0;157;255m▄␛[48;2;0;255;255m␛[38;2;0;214;255m▄␛[48;2;98;114;129m␛[38;2;116;255;255m▄␛[48;2;31;44;43m␛[38;2;171;255;255m▄␛[48;2;57;57;61m␛[38;2;129;252;255m▄␛[48;2;30;39;43m␛[38;2;8;198;255m▄␛[48;2;108;225;255m␛[38;2;0;133;255m▄␛[48;2;49;225;255m␛[38;2;0;104;255m▄␛[48;2;154;244;255m␛[38;2;19;27;32m▄␛[48;2;116;34;26m␛[38;2;122;40;28m▄␛[48;2;169;67;58m␛[38;2;140;49;43m▄␛[48;2;123;255;255m␛[38;2;184;255;255m▄␛[48;2;0;184;255m␛[38;2;0;141;255m▄␛[48;2;0;142;255m␛[38;2;0;112;255m▄␛[48;2;0;153;255m␛[38;2;0;94;255m▄␛[48;2;0;163;255m␛[38;2;0;100;241m▄␛[48;2;0;246;255m␛[38;2;56;250;255m▄␛[48;2;0;226;255m␛[38;2;0;127;235m▄␛[48;2;0;147;255m␛[38;2;0;91;217m▄␛[48;2;0;100;243m␛[38;2;0;76;204m▄␛[48;2;0;67;229m␛[38;2;0;27;189m▄␛[48;2;0;231;255m␛[38;2;0;8;214m▄␛[48;2;0;74;255m␛[38;2;0;145;249m▄␛[48;2;146;255;255m␛[38;2;0;42;246m▄␛[48;2;22;147;255m␛[38;2;252;255;255m▄␛[48;2;255;106;30m␛[38;2;1;81;255m▄␛[48;2;0;213;255m␛[38;2;0;166;255m▄␛[48;2;0;255;255m␛[38;2;0;187;255m▄␛[38;2;0;139;255m▄␛[0m
