[48;2;0;0;0m          [38;2;10;10;10;48;2;23;25;24m▄[38;2;3;66;39;48;2;11;64;48m▄[38;2;1;70;39;48;2;13;66;48m▄[38;2;3;73;39;48;2;10;68;44m▄[38;2;3;75;38;48;2;8;72;45m▄[38;2;1;70;37;48;2;5;69;42m▄[38;2;8;71;44;48;2;6;61;38m▄[38;2;29;72;55;48;2;19;50;42m▄[48;2;0;0;0m           [m
[48;2;0;0;0m       [38;2;3;62;40;48;2;32;78;65m▄[38;2;11;87;57;48;2;17;74;55m▄[38;2;4;84;55;48;2;2;64;43m▄[38;2;0;96;45;48;2;28;110;74m▄[38;2;75;210;143;48;2;105;229;172m▄[38;2;75;211;137;48;2;96;226;162m▄[38;2;83;206;125;48;2;85;210;142m▄[38;2;124;220;130;48;2;110;224;152m▄[38;2;134;222;138;48;2;134;230;167m▄[38;2;135;228;157;48;2;143;237;184m▄[38;2;127;227;163;48;2;146;229;187m▄[38;2;2;89;50;48;2;6;69;44m▄[38;2;7;88;55;48;2;7;65;43m▄[38;2;7;80;53;48;2;18;66;50m▄[38;2;1;1;1;48;2;0;0;0m▄[48;2;0;0;0m       [m
[48;2;0;0;0m     [38;2;5;49;32;48;2;18;49;38m▄[38;2;7;73;46;48;2;13;67;44m▄[38;2;80;184;144;48;2;90;175;142m▄[38;2;56;183;132;48;2;82;194;148m▄[38;2;53;199;140;48;2;64;191;138m▄[38;2;55;205;133;48;2;54;195;127m▄[38;2;65;212;123;48;2;64;210;139m▄[38;2;97;207;108;48;2;70;210;124m▄[38;2;166;213;104;48;2;83;189;96m▄[38;2;187;168;66;48;2;214;251;152m▄[38;2;212;186;86;48;2;208;247;138m▄[38;2;208;234;115;48;2;153;230;133m▄[38;2;151;232;139;48;2;125;223;148m▄[38;2;118;232;160;48;2;112;232;162m▄[38;2;106;232;168;48;2;117;234;179m▄[38;2;101;225;170;48;2;117;223;175m▄[38;2;1;89;47;48;2;14;88;55m▄[38;2;7;61;33;48;2;26;64;43m▄[48;2;0;0;0m  [38;2;82;92;89;48;2;0;0;0m▄[38;2;72;78;76;48;2;0;0;0m▄[48;2;0;0;0m  [m
[48;2;0;0;0m   [38;2;5;5;5;48;2;0;0;0m▄[38;2;9;11;10;48;2;0;0;0m▄[38;2;3;73;45;48;2;8;62;39m▄[38;2;1;90;46;48;2;4;79;46m▄[38;2;46;186;127;48;2;70;194;142m▄[38;2;39;200;132;48;2;47;191;132m▄[38;2;47;216;149;48;2;61;221;157m▄[38;2;50;208;134;48;2;50;203;130m▄[38;2;68;197;107;48;2;70;199;109m▄[38;2;197;241;117;48;2;175;237;115m▄[38;2;252;240;128;48;2;254;245;128m▄[38;2;148;62;3;48;2;144;63;0m▄[38;2;167;78;18;48;2;158;73;19m▄[38;2;253;240;128;48;2;253;242;124m▄[38;2;206;249;130;48;2;196;251;132m▄[38;2;114;223;132;48;2;117;229;143m▄[38;2;89;224;157;48;2;100;229;162m▄[38;2;71;215;154;48;2;74;211;152m▄[38;2;5;109;56;48;2;0;97;46m▄[38;2;1;72;32;48;2;2;66;31m▄[38;2;7;9;8;48;2;0;0;0m▄[38;2;8;11;10;48;2;0;0;0m▄[38;2;3;47;24;48;2;10;41;23m▄[38;2;35;78;59;48;2;2;28;15m▄[38;2;10;10;10;48;2;0;0;0m▄[48;2;0;0;0m [m
[48;2;0;0;0m   [38;2;66;81;74;48;2;67;79;75m▄[38;2;7;71;44;48;2;5;63;38m▄[38;2;62;175;128;48;2;62;164;124m▄[38;2;55;188;133;48;2;54;183;129m▄[38;2;61;209;149;48;2;48;196;136m▄[38;2;65;215;152;48;2;40;203;136m▄[38;2;100;242;184;48;2;57;217;155m▄[38;2;70;223;156;48;2;57;215;144m▄[38;2;64;202;127;48;2;69;201;115m▄[38;2;135;231;133;48;2;181;235;121m▄[38;2;206;236;148;48;2;248;237;129m▄[38;2;124;115;60;48;2;133;62;0m▄[38;2;138;127;71;48;2;153;72;16m▄[38;2;212;238;147;48;2;253;242;136m▄[38;2;169;242;137;48;2;199;247;127m▄[38;2;94;215;136;48;2;94;214;124m▄[38;2;74;214;151;48;2;71;215;146m▄[38;2;68;213;158;48;2;71;216;161m▄[38;2;73;215;159;48;2;63;209;147m▄[38;2;88;217;163;48;2;81;208;153m▄[38;2;0;81;40;48;2;1;76;37m▄[38;2;5;70;36;48;2;14;74;40m▄[38;2;123;228;185;48;2;136;228;189m▄[38;2;117;228;185;48;2;106;202;164m▄[38;2;44;131;97;48;2;11;66;35m▄[38;2;61;84;76;48;2;50;61;57m▄[m
[48;2;0;0;0m   [38;2;61;76;71;48;2;67;79;75m▄[38;2;5;76;44;48;2;5;74;43m▄[38;2;44;167;113;48;2;59;177;127m▄[38;2;18;150;93;48;2;48;185;129m▄[38;2;53;203;139;48;2;58;208;147m▄[38;2;64;209;152;48;2;61;211;150m▄[38;2;101;223;172;48;2;95;233;174m▄[38;2;122;228;188;48;2;84;230;168m▄[38;2;176;247;219;48;2;59;203;134m▄[38;2;189;248;228;48;2;102;216;144m▄[38;2;193;250;231;48;2;139;226;158m▄[38;2;213;251;238;48;2;163;226;179m▄[38;2;204;251;231;48;2;148;222;169m▄[38;2;187;242;223;48;2;146;225;168m▄[38;2;173;228;205;48;2;124;226;160m▄[38;2;185;247;224;48;2;112;225;173m▄[38;2;118;192;167;48;2;82;215;160m▄[38;2;48;155;109;48;2;71;210;155m▄[38;2;95;222;167;48;2;90;229;170m▄[38;2;100;220;172;48;2;102;229;174m▄[38;2;0;83;41;48;2;0;81;40m▄[38;2;3;70;27;48;2;6;73;32m▄[38;2;81;212;157;48;2;115;231;182m▄[38;2;84;221;165;48;2;101;227;179m▄[38;2;14;136;87;48;2;72;185;141m▄[38;2;80;142;121;48;2;84;126;112m▄[m
[48;2;0;0;0m   [38;2;60;79;75;48;2;58;75;69m▄[38;2;11;87;51;48;2;2;75;43m▄[38;2;42;161;107;48;2;47;166;112m▄[38;2;24;164;103;48;2;22;149;94m▄[38;2;30;169;112;48;2;48;194;132m▄[38;2;88;202;151;48;2;57;195;136m▄[38;2;0;39;6;48;2;122;208;163m▄[38;2;66;82;80;48;2;182;231;217m▄[38;2;245;251;251;48;2;224;247;241m▄[38;2;209;225;240;48;2;201;232;235m▄[38;2;201;218;234;48;2;193;227;236m▄[38;2;246;252;252;48;2;238;254;254m▄[38;2;242;250;252;48;2;236;247;249m▄[38;2;177;182;188;48;2;183;198;201m▄[38;2;188;188;196;48;2;168;186;188m▄[38;2;248;252;255;48;2;228;246;246m▄[38;2;195;203;205;48;2;214;252;241m▄[38;2;1;34;15;48;2;51;133;95m▄[38;2;38;110;72;48;2;87;199;149m▄[38;2;41;142;102;48;2;94;210;163m▄[38;2;1;86;45;48;2;0;83;43m▄[38;2;4;79;36;48;2;8;80;34m▄[38;2;73;206;149;48;2;77;214;158m▄[38;2;66;212;151;48;2;64;203;146m▄[38;2;76;208;154;48;2;16;144;93m▄[38;2;76;143;121;48;2;67;138;115m▄[m
[48;2;0;0;0m  [38;2;2;41;18;48;2;0;0;0m▄[38;2;40;116;86;48;2;57;83;72m▄[38;2;101;217;170;48;2;1;86;47m▄[38;2;96;229;172;48;2;27;142;90m▄[38;2;91;231;170;48;2;24;159;101m▄[38;2;3;135;86;48;2;44;171;116m▄[38;2;16;147;99;48;2;78;191;145m▄[38;2;118;198;171;48;2;1;40;21m▄[38;2;136;173;166;48;2;48;62;63m▄[38;2;172;160;172;48;2;248;247;253m▄[38;2;212;174;199;48;2;235;224;240m▄[38;2;213;158;197;48;2;238;225;243m▄[38;2;227;180;216;48;2;251;243;252m▄[38;2;235;183;221;48;2;251;244;251m▄[38;2;204;147;188;48;2;185;173;185m▄[38;2;193;141;179;48;2;194;186;197m▄[38;2;218;203;222;48;2;253;253;255m▄[38;2;213;228;231;48;2;212;213;218m▄[38;2;78;141;120;48;2;41;72;57m▄[38;2;14;96;60;48;2;56;117;86m▄[38;2;8;95;53;48;2;46;144;103m▄[38;2;106;224;172;48;2;0;95;51m▄[38;2;71;205;142;48;2;3;84;41m▄[38;2;42;180;118;48;2;57;195;136m▄[38;2;42;171;115;48;2;56;200;138m▄[38;2;38;146;97;48;2;72;197;141m▄[38;2;57;118;95;48;2;76;137;112m▄[m
[38;2;1;57;32;48;2;0;0;0m▄[38;2;0;73;38;48;2;0;0;0m▄[38;2;70;204;145;48;2;3;73;33m▄[38;2;63;198;142;48;2;28;125;81m▄[38;2;60;204;145;48;2;71;208;154m▄[38;2;56;199;135;48;2;73;213;152m▄[38;2;60;193;132;48;2;83;223;160m▄[38;2;10;137;82;48;2;7;146;91m▄[38;2;83;189;140;48;2;28;153;101m▄[38;2;7;83;47;48;2;88;170;134m▄[38;2;7;86;60;48;2;137;200;183m▄[38;2;98;152;136;48;2;146;159;165m▄[38;2;146;146;154;48;2;196;158;183m▄[38;2;173;141;165;48;2;209;152;187m▄[38;2;231;179;215;48;2;229;175;214m▄[38;2;238;180;224;48;2;245;184;226m▄[38;2;201;127;176;48;2;213;139;188m▄[38;2;212;143;188;48;2;208;142;186m▄[38;2;211;187;213;48;2;212;189;213m▄[38;2;166;187;188;48;2;175;196;196m▄[38;2;22;122;86;48;2;102;181;152m▄[38;2;72;194;145;48;2;22;112;76m▄[38;2;61;186;130;48;2;0;93;46m▄[38;2;52;185;124;48;2;67;193;132m▄[38;2;52;182;122;48;2;62;200;133m▄[38;2;23;152;96;48;2;42;181;116m▄[38;2;72;173;125;48;2;80;204;147m▄[38;2;5;69;34;48;2;62;153;110m▄[38;2;76;114;99;48;2;81;131;112m▄[m
[38;2;5;76;46;48;2;6;69;42m▄[38;2;1;79;40;48;2;1;88;46m▄[38;2;58;195;135;48;2;70;203;146m▄[38;2;48;190;134;48;2;59;203;144m▄[38;2;51;197;135;48;2;57;203;141m▄[38;2;0;108;59;48;2;38;166;107m▄[38;2;3;91;51;48;2;25;127;77m▄[38;2;5;86;45;48;2;12;110;61m▄[38;2;6;88;48;48;2;17;105;65m▄[38;2;137;242;201;48;2;31;102;70m▄[38;2;100;198;159;48;2;28;114;79m▄[38;2;5;87;51;48;2;14;89;56m▄[38;2;46;126;100;48;2;110;160;149m▄[38;2;109;137;140;48;2;144;147;162m▄[38;2;209;181;203;48;2;218;175;203m▄[38;2;221;166;202;48;2;235;176;220m▄[38;2;232;171;213;48;2;225;153;201m▄[38;2;229;175;211;48;2;213;146;190m▄[38;2;167;159;181;48;2;206;177;207m▄[38;2;122;163;159;48;2;156;184;187m▄[38;2;34;139;98;48;2;67;162;130m▄[38;2;31;145;94;48;2;50;163;117m▄[38;2;31;143;93;48;2;53;176;121m▄[38;2;48;149;102;48;2;57;185;126m▄[38;2;64;150;105;48;2;52;171;117m▄[38;2;6;61;30;48;2;36;136;89m▄[38;2;3;37;20;48;2;32;108;69m▄[38;2;0;0;0;48;2;55;87;66m▄[38;2;0;0;0;48;2;30;32;31m▄[m
[38;2;1;55;31;48;2;7;76;48m▄[38;2;1;72;40;48;2;1;75;38m▄[38;2;66;183;131;48;2;59;187;130m▄[38;2;40;173;116;48;2;51;186;130m▄[38;2;44;186;126;48;2;45;192;135m▄[38;2;45;184;125;48;2;45;172;121m▄[38;2;55;199;137;48;2;42;163;110m▄[38;2;67;209;149;48;2;66;184;132m▄[38;2;65;209;147;48;2;62;185;130m▄[38;2;56;206;142;48;2;80;217;161m▄[38;2;62;208;146;48;2;67;204;148m▄[38;2;38;165;110;48;2;56;170;121m▄[38;2;17;102;63;48;2;25;120;80m▄[38;2;30;57;38;48;2;38;71;62m▄[38;2;216;191;210;48;2;214;186;209m▄[38;2;219;159;193;48;2;220;166;202m▄[38;2;223;166;199;48;2;231;175;212m▄[38;2;232;192;219;48;2;217;178;207m▄[38;2;111;132;135;48;2;97;118;127m▄[38;2;34;92;70;48;2;33;83;71m▄[38;2;2;76;41;48;2;6;83;49m▄[38;2;4;75;37;48;2;3;81;42m▄[38;2;4;82;43;48;2;1;83;45m▄[38;2;3;85;47;48;2;9;90;51m▄[38;2;9;67;43;48;2;10;84;47m▄[38;2;1;1;1;48;2;27;33;31m▄[38;2;0;0;0;48;2;51;57;55m▄[48;2;0;0;0m  [m
[48;2;0;0;0m  [38;2;6;55;33;48;2;0;68;29m▄[38;2;27;109;69;48;2;5;100;56m▄[38;2;62;165;112;48;2;17;138;84m▄[38;2;83;194;141;48;2;65;193;134m▄[38;2;81;194;138;48;2;50;190;127m▄[38;2;84;199;142;48;2;54;192;132m▄[38;2;66;185;127;48;2;57;197;136m▄[38;2;66;190;130;48;2;65;205;144m▄[38;2;53;181;126;48;2;56;191;132m▄[38;2;30;140;91;48;2;21;135;84m▄[38;2;27;76;47;48;2;26;95;64m▄[38;2;54;50;39;48;2;37;51;34m▄[38;2;208;160;172;48;2;203;166;183m▄[38;2;187;120;151;48;2;194;127;158m▄[38;2;218;148;184;48;2;215;145;181m▄[38;2;223;142;183;48;2;206;146;180m▄[38;2;87;44;61;48;2;63;57;61m▄[38;2;82;115;98;48;2;101;146;126m▄[38;2;93;202;147;48;2;124;225;181m▄[38;2;80;204;150;48;2;108;219;168m▄[38;2;85;203;151;48;2;109;213;163m▄[38;2;5;92;52;48;2;4;80;43m▄[38;2;3;63;38;48;2;0;58;36m▄[38;2;13;13;13;48;2;28;32;31m▄[48;2;0;0;0m   [m
[48;2;0;0;0m   [38;2;55;83;71;48;2;50;76;65m▄[38;2;4;82;43;48;2;1;77;39m▄[38;2;2;86;50;48;2;2;80;44m▄[38;2;0;86;47;48;2;0;80;41m▄[38;2;1;88;46;48;2;2;82;42m▄[38;2;0;89;45;48;2;0;81;38m▄[38;2;3;88;46;48;2;1;82;41m▄[38;2;8;83;47;48;2;2;77;38m▄[38;2;19;64;35;48;2;15;56;35m▄[38;2;53;40;24;48;2;54;55;39m▄[38;2;107;33;34;48;2;98;54;48m▄[38;2;145;54;71;48;2;151;64;80m▄[38;2;145;55;80;48;2;132;37;57m▄[38;2;208;119;154;48;2;209;127;163m▄[38;2;194;118;154;48;2;215;135;178m▄[38;2;212;157;188;48;2;210;156;182m▄[38;2;175;161;176;48;2;155;165;164m▄[38;2;115;184;166;48;2;71;181;132m▄[38;2;77;183;135;48;2;61;183;132m▄[38;2;58;188;139;48;2;55;191;141m▄[38;2;66;199;146;48;2;78;206;158m▄[38;2;99;209;164;48;2;100;203;160m▄[38;2;1;76;45;48;2;5;61;32m▄[38;2;12;56;39;48;2;14;44;30m▄[48;2;0;0;0m  [m
[38;2;4;5;5;48;2;0;0;0m▄[38;2;5;6;5;48;2;0;0;0m▄[38;2;9;88;57;48;2;2;50;26m▄[38;2;20;120;82;48;2;28;114;75m▄[38;2;46;159;114;48;2;78;184;138m▄[38;2;55;182;131;48;2;61;174;128m▄[38;2;53;185;132;48;2;52;174;125m▄[38;2;59;186;134;48;2;41;162;109m▄[38;2;66;182;137;48;2;46;158;108m▄[38;2;44;143;99;48;2;43;140;95m▄[38;2;23;99;69;48;2;52;128;92m▄[38;2;8;30;18;48;2;19;54;30m▄[38;2;18;11;5;48;2;35;22;13m▄[38;2;46;13;14;48;2;62;4;3m▄[38;2;51;10;14;48;2;66;1;5m▄[38;2;53;6;16;48;2;72;1;13m▄[38;2;54;6;18;48;2;70;2;15m▄[38;2;82;29;55;48;2;67;2;22m▄[38;2;144;88;123;48;2;174;110;147m▄[38;2;161;114;144;48;2;187;138;168m▄[38;2;189;165;181;48;2;188;185;192m▄[38;2;95;153;144;48;2;74;153;134m▄[38;2;39;149;112;48;2;25;144;102m▄[38;2;60;182;133;48;2;49;183;132m▄[38;2;74;185;136;48;2;80;193;147m▄[38;2;0;84;48;48;2;6;79;50m▄[38;2;68;117;98;48;2;8;57;36m▄[48;2;0;0;0m  [m
[38;2;59;71;71;48;2;28;76;64m▄[38;2;10;12;11;48;2;16;73;54m▄[38;2;3;3;3;48;2;96;187;151m▄[38;2;4;4;4;48;2;30;137;95m▄[38;2;12;23;19;48;2;56;169;125m▄[38;2;62;108;93;48;2;77;205;156m▄[38;2;66;128;104;48;2;54;182;133m▄[38;2;70;127;105;48;2;88;204;159m▄[38;2;81;126;113;48;2;127;231;196m▄[38;2;60;93;86;48;2;1;73;49m▄[38;2;72;97;92;48;2;26;79;67m▄[38;2;150;156;152;48;2;177;188;184m▄[38;2;175;174;170;48;2;198;197;195m▄[38;2;164;160;157;48;2;209;199;198m▄[38;2;158;152;154;48;2;208;192;198m▄[38;2;174;163;167;48;2;220;200;209m▄[38;2;200;187;196;48;2;217;197;208m▄[38;2;195;179;190;48;2;243;212;230m▄[38;2;99;86;95;48;2;47;4;31m▄[38;2;88;71;82;48;2;48;5;35m▄[38;2;87;80;87;48;2;41;14;31m▄[38;2;96;109;110;48;2;73;114;110m▄[38;2;72;112;101;48;2;55;149;118m▄[38;2;66;117;98;48;2;69;178;136m▄[38;2;64;117;94;48;2;83;186;141m▄[38;2;74;123;101;48;2;110;201;160m▄[38;2;70;101;90;48;2;123;194;164m▄[48;2;0;0;0m  [m
