[38;2;240;77;134;48;2;235;76;130m▄[38;2;224;74;141;48;2;218;71;143m▄[38;2;237;74;143;48;2;184;49;131m▄[38;2;181;47;129;48;2;222;50;118m▄[38;2;144;64;161;48;2;176;48;130m▄[38;2;156;58;155;48;2;222;82;146m▄[38;2;208;74;150;48;2;238;74;138m▄[38;2;237;76;128;48;2;241;74;133m▄[38;2;238;77;135;48;2;237;78;137m▄[38;2;244;84;140;48;2;250;93;154m▄[38;2;246;90;152;48;2;246;92;150m▄[38;2;242;81;142;48;2;235;79;141m▄[38;2;228;74;141;48;2;191;74;162m▄[38;2;178;71;163;48;2;152;61;160m▄[38;2;135;31;132;48;2;108;34;134m▄[38;2;226;46;120;48;2;140;23;118m▄[38;2;240;89;140;48;2;235;36;105m▄[38;2;180;64;106;48;2;252;102;157m▄[38;2;218;166;174;48;2;113;26;52m▄[38;2;64;130;106;48;2;137;162;152m▄[38;2;52;136;105;48;2;124;171;150m▄[38;2;32;19;10;48;2;56;3;24m▄[38;2;167;67;96;48;2;253;116;167m▄[38;2;226;84;138;48;2;231;64;133m▄[38;2;233;78;134;48;2;182;72;157m▄[38;2;189;62;142;48;2;153;62;159m▄[38;2;166;59;143;48;2;166;60;150m▄[38;2;226;79;143;48;2;232;78;143m▄[38;2;251;116;167;48;2;249;113;162m▄[38;2;249;118;170;48;2;249;120;166m▄[38;2;248;100;157;48;2;240;76;135m▄[38;2;237;77;134;48;2;240;76;132m▄[38;2;239;74;129;48;2;251;62;122m▄[38;2;244;69;130;48;2;245;31;94m▄[38;2;242;46;106;48;2;249;33;91m▄[38;2;239;49;117;48;2;252;23;94m▄[38;2;242;80;138;48;2;254;66;124m▄[38;2;243;85;140;48;2;237;72;130m▄[38;2;232;91;162;48;2;235;78;135m▄[38;2;140;56;157;48;2;239;95;152m▄[m
[38;2;236;79;134;48;2;243;74;136m▄[38;2;240;74;128;48;2;239;75;132m▄[38;2;239;44;108;48;2;239;73;128m▄[38;2;237;41;94;48;2;222;54;121m▄[38;2;178;62;158;48;2;152;64;160m▄[38;2;89;31;147;48;2;137;67;167m▄[38;2;146;52;147;48;2;168;71;159m▄[38;2;232;76;140;48;2;234;74;141m▄[38;2;238;77;132;48;2;239;75;138m▄[38;2;241;74;132;48;2;237;76;131m▄[38;2;248;91;151;48;2;247;93;151m▄[38;2;251;90;150;48;2;245;92;153m▄[38;2;216;73;147;48;2;233;75;143m▄[38;2;189;64;155;48;2;193;66;159m▄[38;2;216;51;123;48;2;207;56;138m▄[38;2;232;88;146;48;2;243;84;138m▄[38;2;237;147;167;48;2;138;8;60m▄[38;2;237;100;119;48;2;251;147;155m▄[38;2;186;94;110;48;2;184;95;113m▄[38;2;40;114;84;48;2;0;33;16m▄[38;2;31;115;82;48;2;0;34;24m▄[38;2;45;9;13;48;2;47;9;17m▄[38;2;238;86;112;48;2;253;137;148m▄[38;2;246;148;161;48;2;203;98;139m▄[38;2;156;24;75;48;2;255;109;158m▄[38;2;229;78;134;48;2;236;78;138m▄[38;2;241;74;133;48;2;234;77;140m▄[38;2;239;74;136;48;2;237;77;131m▄[38;2;243;95;151;48;2;251;112;164m▄[38;2;249;118;168;48;2;250;114;165m▄[38;2;254;114;167;48;2;254;112;166m▄[38;2;229;82;132;48;2;235;77;136m▄[38;2;186;54;107;48;2;239;75;131m▄[38;2;200;68;146;48;2;234;75;136m▄[38;2;169;71;136;48;2;214;77;153m▄[38;2;124;58;130;48;2;172;53;143m▄[38;2;84;36;142;48;2;210;90;165m▄[38;2;85;33;151;48;2;179;71;166m▄[38;2;87;30;146;48;2;98;27;132m▄[38;2;160;67;166;48;2;82;36;153m▄[m
[38;2;236;77;130;48;2;240;74;133m▄[38;2;206;52;104;48;2;241;74;130m▄[38;2;141;26;69;48;2;210;49;98m▄[38;2;97;34;112;48;2;135;24;81m▄[38;2;79;39;128;48;2;92;34;124m▄[38;2;96;29;109;48;2;143;65;149m▄[38;2;163;44;88;48;2;205;55;121m▄[38;2;228;52;107;48;2;241;65;126m▄[38;2;241;73;132;48;2;239;74;132m▄[38;2;243;85;144;48;2;238;76;134m▄[38;2;246;92;151;48;2;248;93;151m▄[38;2;233;77;144;48;2;246;89;150m▄[38;2;189;66;158;48;2;205;73;155m▄[38;2;229;77;147;48;2;198;64;150m▄[38;2;253;108;159;48;2;239;74;138m▄[38;2;213;71;120;48;2;220;92;142m▄[38;2;253;139;157;48;2;255;174;188m▄[38;2;243;86;111;48;2;241;84;107m▄[38;2;168;103;111;48;2;190;95;113m▄[38;2;12;77;53;48;2;71;158;116m▄[38;2;3;79;58;48;2;58;164;121m▄[38;2;37;13;16;48;2;42;15;9m▄[38;2;233;80;105;48;2;249;75;112m▄[38;2;252;128;143;48;2;248;146;157m▄[38;2;167;38;78;48;2;134;10;60m▄[38;2;254;111;165;48;2;235;80;139m▄[38;2;239;73;134;48;2;238;74;130m▄[38;2;233;78;134;48;2;237;77;130m▄[38;2;250;116;166;48;2;246;91;149m▄[38;2;253;115;163;48;2;254;116;171m▄[38;2;238;77;135;48;2;245;89;151m▄[38;2;233;55;119;48;2;227;70;125m▄[38;2;191;72;100;48;2;148;67;93m▄[38;2;145;69;92;48;2;172;76;128m▄[38;2;213;84;131;48;2;187;67;119m▄[38;2;171;49;85;48;2;131;33;66m▄[38;2;230;81;128;48;2;163;66;134m▄[38;2;236;76;132;48;2;135;34;126m▄[38;2;236;78;135;48;2;210;75;150m▄[38;2;213;79;137;48;2;237;76;141m▄[m
[38;2;252;28;97;48;2;236;52;116m▄[38;2;203;32;76;48;2;212;59;93m▄[38;2;132;28;80;48;2;156;63;113m▄[38;2;101;55;115;48;2;84;39;140m▄[38;2;89;58;109;48;2;87;52;118m▄[38;2;77;40;137;48;2;88;50;126m▄[38;2;84;32;153;48;2;104;31;120m▄[38;2;122;17;115;48;2;226;81;143m▄[38;2;237;73;137;48;2;238;73;131m▄[38;2;236;98;143;48;2;246;88;148m▄[38;2;241;95;141;48;2;247;92;151m▄[38;2;236;76;140;48;2;229;78;142m▄[38;2;220;45;130;48;2;204;59;142m▄[38;2;242;32;99;48;2;236;56;122m▄[38;2;244;73;129;48;2;253;112;165m▄[38;2;161;39;79;48;2;165;44;88m▄[38;2;197;145;143;48;2;253;160;164m▄[38;2;212;216;205;48;2;159;79;84m▄[38;2;140;48;82;48;2;150;151;149m▄[38;2;150;159;150;48;2;15;56;41m▄[38;2;93;154;130;48;2;13;57;43m▄[38;2;113;28;55;48;2;147;171;158m▄[38;2;253;245;251;48;2;128;74;80m▄[38;2;123;96;91;48;2;241;143;150m▄[38;2;222;130;148;48;2;247;143;165m▄[38;2;255;111;163;48;2;249;120;164m▄[38;2;236;87;146;48;2;239;80;141m▄[38;2;254;114;166;48;2;253;115;167m▄[38;2;237;87;142;48;2;249;116;166m▄[38;2;232;70;128;48;2;245;89;154m▄[38;2;240;75;128;48;2;240;75;131m▄[38;2;189;30;87;48;2;226;67;123m▄[38;2;141;28;70;48;2;147;48;70m▄[38;2;145;63;89;48;2;136;74;83m▄[38;2;136;33;53;48;2;165;57;93m▄[38;2;191;86;106;48;2;218;79;129m▄[38;2;148;70;85;48;2;192;69;106m▄[38;2;133;73;83;48;2;198;74;117m▄[38;2;144;68;86;48;2;205;86;121m▄[38;2;154;62;86;48;2;139;71;85m▄[m
[38;2;238;51;107;48;2;247;28;91m▄[38;2;149;64;82;48;2;201;55;88m▄[38;2;174;69;106;48;2;136;36;56m▄[38;2;212;79;142;48;2;194;93;132m▄[38;2;111;41;146;48;2;94;61;98m▄[38;2;85;32;144;48;2;79;40;137m▄[38;2;156;64;166;48;2;88;30;149m▄[38;2;188;65;168;48;2;167;75;174m▄[38;2;192;83;129;48;2;194;71;140m▄[38;2;197;84;94;48;2;199;83;99m▄[38;2;200;83;102;48;2;200;80;103m▄[38;2;195;63;103;48;2;228;84;139m▄[38;2;209;68;150;48;2;209;63;147m▄[38;2;238;31;111;48;2;242;29;100m▄[38;2;243;32;96;48;2;243;39;93m▄[38;2;191;74;109;48;2;163;75;97m▄[38;2;66;101;77;48;2;48;121;94m▄[38;2;103;177;141;48;2;141;189;168m▄[38;2;117;184;150;48;2;227;203;205m▄[38;2;176;228;198;48;2;109;154;125m▄[38;2;176;216;195;48;2;123;184;151m▄[38;2;84;159;123;48;2;192;180;175m▄[38;2;126;188;155;48;2;169;188;174m▄[38;2;37;116;84;48;2;67;143;113m▄[38;2;100;48;65;48;2;40;13;18m▄[38;2;243;98;155;48;2;246;90;147m▄[38;2;254;114;168;48;2;253;118;171m▄[38;2;241;89;146;48;2;254;113;166m▄[38;2;241;73;133;48;2;236;75;135m▄[38;2;240;75;130;48;2;237;76;130m▄[38;2;238;75;135;48;2;239;75;139m▄[38;2;237;76;133;48;2;234;76;132m▄[38;2;237;76;132;48;2;225;78;144m▄[38;2;158;57;90;48;2;188;83;131m▄[38;2;136;72;84;48;2;151;65;85m▄[38;2;144;69;84;48;2;180;89;102m▄[38;2;201;86;111;48;2;147;69;80m▄[38;2;221;78;128;48;2;186;88;104m▄[38;2;216;76;146;48;2;216;90;127m▄[38;2;208;70;152;48;2;235;80;137m▄[m
[38;2;243;71;134;48;2;236;76;128m▄[38;2;240;73;131;48;2;226;84;134m▄[38;2;235;75;137;48;2;215;70;135m▄[38;2;228;76;143;48;2;208;68;154m▄[38;2;200;71;158;48;2;183;68;166m▄[38;2;186;67;168;48;2;171;72;175m▄[38;2;217;74;152;48;2;188;64;159m▄[38;2;238;77;134;48;2;216;80;159m▄[38;2;224;80;124;48;2;199;79;115m▄[38;2;206;78;101;48;2;195;86;99m▄[38;2;198;80;103;48;2;194;85;101m▄[38;2;140;25;53;48;2;141;30;56m▄[38;2;143;43;111;48;2;153;38;103m▄[38;2;180;53;138;48;2;223;47;121m▄[38;2;252;93;147;48;2;254;63;121m▄[38;2;153;58;43;48;2;240;92;138m▄[38;2;166;92;45;48;2;61;6;3m▄[38;2;135;113;112;48;2;66;77;64m▄[38;2;70;98;81;48;2;150;197;169m▄[38;2;102;162;135;48;2;0;81;52m▄[38;2;94;166;135;48;2;17;97;68m▄[38;2;124;170;152;48;2;115;173;147m▄[38;2;136;113;116;48;2;42;70;52m▄[38;2;97;47;25;48;2;111;72;64m▄[38;2;215;123;87;48;2;228;132;155m▄[38;2;244;121;161;48;2;255;113;171m▄[38;2;240;94;144;48;2;249;112;162m▄[38;2;240;75;131;48;2;237;76;134m▄[38;2;237;75;132;48;2;239;74;137m▄[38;2;239;74;131;48;2;239;76;129m▄[38;2;239;74;134;48;2;239;74;135m▄[38;2;238;75;133;48;2;241;74;131m▄[38;2;214;69;156;48;2;231;77;146m▄[38;2;184;69;163;48;2;179;75;137m▄[38;2;167;73;143;48;2;139;71;89m▄[38;2;183;70;159;48;2;180;87;133m▄[38;2;190;66;165;48;2;200;76;154m▄[38;2;193;68;154;48;2;201;68;157m▄[38;2;212;69;152;48;2;192;64;157m▄[38;2;236;76;137;48;2;211;69;150m▄[m
[38;2;235;78;127;48;2;238;76;133m▄[38;2;237;78;138;48;2;238;76;137m▄[38;2;219;66;139;48;2;240;72;128m▄[38;2;196;62;146;48;2;227;77;148m▄[38;2;210;72;151;48;2;190;66;165m▄[38;2;253;111;170;48;2;196;66;147m▄[38;2;251;115;170;48;2;231;82;140m▄[38;2;246;92;149;48;2;234;74;130m▄[38;2;238;77;132;48;2;241;73;131m▄[38;2;240;75;136;48;2;231;64;111m▄[38;2;240;73;136;48;2;234;41;95m▄[38;2;180;45;129;48;2;175;4;69m▄[38;2;175;61;148;48;2;162;68;155m▄[38;2;226;79;152;48;2;176;51;139m▄[38;2;253;112;165;48;2;252;111;153m▄[38;2;175;81;85;48;2;134;64;29m▄[38;2;255;231;169;48;2;161;95;6m▄[38;2;223;156;122;48;2;105;47;46m▄[38;2;76;26;8;48;2;174;140;139m▄[38;2;170;116;125;48;2;160;181;167m▄[38;2;183;124;131;48;2;153;187;169m▄[38;2;58;5;4;48;2;95;50;54m▄[38;2;216;144;118;48;2;70;15;20m▄[38;2;255;229;173;48;2;213;148;97m▄[38;2;88;26;4;48;2;255;192;105m▄[38;2;252;118;167;48;2;239;127;151m▄[38;2;236;76;132;48;2;235;78;135m▄[38;2;239;76;130;48;2;244;70;137m▄[38;2;236;76;132;48;2;239;74;133m▄[38;2;244;74;133;48;2;234;71;131m▄[38;2;232;78;141;48;2;239;76;133m▄[38;2;166;64;148;48;2;221;81;149m▄[38;2;163;57;145;48;2;180;68;164m▄[38;2;230;79;147;48;2;188;70;160m▄[38;2;239;74;136;48;2;199;63;145m▄[38;2;238;74;132;48;2;212;71;148m▄[38;2;240;79;136;48;2;230;77;147m▄[38;2;246;93;149;48;2;237;73;138m▄[38;2;247;91;147;48;2;236;80;141m▄[38;2;241;80;136;48;2;243;88;148m▄[m
[38;2;168;56;111;48;2;196;67;105m▄[38;2;202;60;101;48;2;224;81;121m▄[38;2;236;77;110;48;2;225;74;126m▄[38;2;231;78;118;48;2;238;77;135m▄[38;2;237;87;137;48;2;240;84;138m▄[38;2;248;116;166;48;2;247;117;167m▄[38;2;253;115;168;48;2;252;114;168m▄[38;2;253;107;162;48;2;253;111;157m▄[38;2;233;77;143;48;2;238;75;137m▄[38;2;213;68;144;48;2;237;74;136m▄[38;2;203;57;139;48;2;206;72;149m▄[38;2;234;77;139;48;2;189;73;148m▄[38;2;226;105;144;48;2;235;68;128m▄[38;2;213;136;167;48;2;235;78;137m▄[38;2;228;131;164;48;2;253;113;162m▄[38;2;75;66;77;48;2;166;90;116m▄[38;2;201;218;207;48;2;36;31;10m▄[38;2;12;28;8;48;2;143;119;76m▄[38;2;253;201;88;48;2;249;203;128m▄[38;2;29;24;2;48;2;31;22;3m▄[38;2;11;29;14;48;2;18;24;14m▄[38;2;229;168;62;48;2;155;110;53m▄[38;2;31;25;0;48;2;152;124;73m▄[38;2;89;111;105;48;2;85;72;46m▄[38;2;205;214;212;48;2;48;7;17m▄[38;2;201;101;138;48;2;247;117;167m▄[38;2;219;132;161;48;2;247;99;156m▄[38;2;227;129;161;48;2;237;75;135m▄[38;2;235;77;132;48;2;242;72;135m▄[38;2;240;35;101;48;2;240;53;113m▄[38;2;244;31;101;48;2;233;77;144m▄[38;2;202;59;127;48;2;163;60;156m▄[38;2;229;78;142;48;2;211;74;150m▄[38;2;241;77;132;48;2;239;73;129m▄[38;2;234;78;127;48;2;237;77;131m▄[38;2;239;75;140;48;2;238;75;134m▄[38;2;245;89;144;48;2;249;89;149m▄[38;2;236;76;139;48;2;243;83;145m▄[38;2;225;80;153;48;2;238;75;137m▄[38;2;207;70;154;48;2;228;72;143m▄[m
[38;2;215;69;148;48;2;201;70;156m▄[38;2;227;72;139;48;2;233;78;140m▄[38;2;239;88;145;48;2;241;75;129m▄[38;2;246;100;155;48;2;244;89;148m▄[38;2;246;93;152;48;2;240;93;152m▄[38;2;249;107;164;48;2;254;113;167m▄[38;2;251;117;167;48;2;250;117;168m▄[38;2;237;87;145;48;2;238;77;140m▄[38;2;222;71;138;48;2;216;69;140m▄[38;2;221;71;145;48;2;221;74;157m▄[38;2;236;77;136;48;2;238;73;138m▄[38;2;187;103;130;48;2;245;93;144m▄[38;2;151;107;122;48;2;145;79;106m▄[38;2;16;44;27;48;2;102;152;133m▄[38;2;165;199;145;48;2;26;35;30m▄[38;2;1;36;15;48;2;6;29;27m▄[38;2;72;148;115;48;2;98;153;127m▄[38;2;7;29;10;48;2;28;58;27m▄[38;2;238;188;112;48;2;236;187;105m▄[38;2;219;162;90;48;2;129;149;95m▄[38;2;219;167;66;48;2;104;157;98m▄[38;2;88;33;0;48;2;78;33;0m▄[38;2;28;29;0;48;2;24;29;0m▄[38;2;32;85;61;48;2;110;166;135m▄[38;2;6;45;30;48;2;0;31;15m▄[38;2;183;200;150;48;2;28;18;18m▄[38;2;62;108;79;48;2;135;187;167m▄[38;2;127;103;107;48;2;30;19;23m▄[38;2;173;109;134;48;2;248;99;157m▄[38;2;236;89;140;48;2;251;65;127m▄[38;2;241;74;130;48;2;242;37;98m▄[38;2;240;74;136;48;2;246;71;129m▄[38;2;240;76;132;48;2;243;74;133m▄[38;2;240;75;131;48;2;237;74;132m▄[38;2;237;78;134;48;2;238;75;137m▄[38;2;249;98;156;48;2;246;95;151m▄[38;2;227;69;134;48;2;233;84;136m▄[38;2;186;66;159;48;2;205;68;153m▄[38;2;183;67;167;48;2;188;65;161m▄[38;2;204;71;157;48;2;203;67;157m▄[m
[38;2;213;69;144;48;2;234;77;140m▄[38;2;244;100;158;48;2;237;84;143m▄[38;2;252;116;167;48;2;251;114;166m▄[38;2;249;118;170;48;2;247;117;166m▄[38;2;251;116;164;48;2;250;109;165m▄[38;2;242;95;152;48;2;240;94;152m▄[38;2;252;109;163;48;2;253;114;166m▄[38;2;252;116;168;48;2;254;115;168m▄[38;2;251;111;165;48;2;230;79;139m▄[38;2;249;88;149;48;2;235;76;139m▄[38;2;244;89;142;48;2;228;81;138m▄[38;2;247;119;167;48;2;50;4;26m▄[38;2;171;107;133;48;2;173;206;196m▄[38;2;31;55;44;48;2;189;225;203m▄[38;2;207;207;136;48;2;233;221;145m▄[38;2;234;209;141;48;2;173;160;75m▄[38;2;200;131;61;48;2;46;70;39m▄[38;2;193;114;60;48;2;18;28;4m▄[38;2;244;187;102;48;2;238;192;105m▄[38;2;237;170;91;48;2;255;190;118m▄[38;2;237;174;77;48;2;255;195;88m▄[38;2;92;30;0;48;2;90;32;0m▄[38;2;198;117;38;48;2;34;23;0m▄[38;2;188;122;58;48;2;27;45;24m▄[38;2;237;201;133;48;2;103;112;39m▄[38;2;230;211;119;48;2;250;217;121m▄[38;2;53;85;61;48;2;195;223;193m▄[38;2;140;108;119;48;2;185;221;206m▄[38;2;221;108;149;48;2;58;47;58m▄[38;2;239;73;128;48;2;250;111;157m▄[38;2;245;37;106;48;2;240;75;132m▄[38;2;247;52;112;48;2;249;69;126m▄[38;2;238;72;133;48;2;231;41;100m▄[38;2;251;103;158;48;2;243;72;132m▄[38;2;254;115;164;48;2;237;96;149m▄[38;2;235;83;140;48;2;255;109;166m▄[38;2;234;40;105;48;2;230;42;109m▄[38;2;239;57;118;48;2;214;64;140m▄[38;2;223;74;150;48;2;191;66;158m▄[38;2;197;69;157;48;2;185;68;164m▄[m
[38;2;234;76;130;48;2;235;78;145m▄[38;2;174;98;127;48;2;251;117;170m▄[38;2;88;48;61;48;2;250;117;167m▄[38;2;223;130;160;48;2;249;115;166m▄[38;2;184;123;148;48;2;230;128;168m▄[38;2;154;195;179;48;2;200;134;158m▄[38;2;170;199;186;48;2;194;115;144m▄[38;2;95;100;95;48;2;246;121;165m▄[38;2;80;52;59;48;2;246;116;166m▄[38;2;212;118;150;48;2;245;104;158m▄[38;2;234;125;170;48;2;243;92;150m▄[38;2;236;123;164;48;2;238;99;152m▄[38;2;60;59;63;48;2;121;80;96m▄[38;2;20;22;25;48;2;51;79;64m▄[38;2;20;70;53;48;2;186;218;194m▄[38;2;88;121;86;48;2;175;179;146m▄[38;2;151;84;31;48;2;228;136;45m▄[38;2;249;183;66;48;2;240;132;8m▄[38;2;106;25;1;48;2;245;177;95m▄[38;2;255;194;85;48;2;165;92;6m▄[38;2;255;198;68;48;2;166;92;5m▄[38;2;160;79;9;48;2;103;31;0m▄[38;2;255;189;90;48;2;234;136;2m▄[38;2;196;111;36;48;2;238;133;26m▄[38;2;24;27;0;48;2;178;154;107m▄[38;2;5;80;56;48;2;194;221;191m▄[38;2;21;22;17;48;2;146;189;169m▄[38;2;66;59;57;48;2;40;30;33m▄[38;2;196;117;143;48;2;216;114;148m▄[38;2;231;80;127;48;2;252;65;123m▄[38;2;221;89;124;48;2;250;24;99m▄[38;2;128;59;76;48;2;240;63;119m▄[38;2;62;58;56;48;2;254;114;167m▄[38;2;166;188;178;48;2;215;126;159m▄[38;2;174;210;195;48;2;181;113;136m▄[38;2;74;56;58;48;2;198;95;132m▄[38;2;214;59;105;48;2;245;71;127m▄[38;2;161;65;84;48;2;247;36;100m▄[38;2;109;36;51;48;2;245;30;100m▄[38;2;243;29;94;48;2;244;58;123m▄[m
[38;2;221;82;156;48;2;232;80;136m▄[38;2;156;107;129;48;2;158;107;126m▄[38;2;160;191;175;48;2;184;224;207m▄[38;2;194;218;202;48;2;127;153;138m▄[38;2;166;224;193;48;2;100;107;101m▄[38;2;22;74;54;48;2;137;182;164m▄[38;2;131;180;157;48;2;157;192;175m▄[38;2;88;161;127;48;2;173;209;190m▄[38;2;104;177;140;48;2;175;209;190m▄[38;2;51;142;101;48;2;127;165;146m▄[38;2;28;126;84;48;2;131;132;127m▄[38;2;27;127;89;48;2;141;87;106m▄[38;2;23;53;38;48;2;224;118;158m▄[38;2;163;191;178;48;2;95;57;74m▄[38;2;59;131;102;48;2;8;56;37m▄[38;2;16;66;46;48;2;52;112;85m▄[38;2;2;29;23;48;2;17;24;16m▄[38;2;193;172;105;48;2;203;173;96m▄[38;2;114;30;4;48;2;102;26;2m▄[38;2;255;192;84;48;2;214;145;52m▄[38;2;255;195;74;48;2;212;150;43m▄[38;2;220;133;78;48;2;166;83;48m▄[38;2;241;200;113;48;2;246;201;123m▄[38;2;7;29;14;48;2;34;25;6m▄[38;2;0;30;18;48;2;0;37;13m▄[38;2;51;124;95;48;2;0;61;36m▄[38;2;179;215;193;48;2;43;25;32m▄[38;2;10;26;16;48;2;207;63;104m▄[38;2;50;111;77;48;2;151;48;77m▄[38;2;16;129;88;48;2;107;77;81m▄[38;2;29;126;87;48;2;121;156;138m▄[38;2;95;172;134;48;2;168;195;176m▄[38;2;104;182;145;48;2;191;221;204m▄[38;2;111;178;148;48;2;155;192;173m▄[38;2;92;143;125;48;2;155;187;170m▄[38;2;146;201;179;48;2;50;66;52m▄[38;2;187;223;201;48;2;133;129;122m▄[38;2;180;213;194;48;2;156;188;171m▄[38;2;66;58;55;48;2;67;58;59m▄[38;2;239;43;102;48;2;242;44;102m▄[m
[38;2;187;67;160;48;2;191;67;157m▄[38;2;243;98;160;48;2;223;132;173m▄[38;2;195;115;142;48;2;50;66;57m▄[38;2;48;119;87;48;2;85;158;126m▄[38;2;12;131;82;48;2;27;129;84m▄[38;2;23;128;85;48;2;43;124;92m▄[38;2;6;71;45;48;2;113;156;134m▄[38;2;92;172;138;48;2;97;176;138m▄[38;2;17;129;82;48;2;0;133;80m▄[38;2;7;130;83;48;2;13;130;80m▄[38;2;21;130;83;48;2;3;129;79m▄[38;2;5;133;84;48;2;21;129;79m▄[38;2;26;142;97;48;2;3;131;84m▄[38;2;95;163;131;48;2;40;126;91m▄[38;2;140;186;162;48;2;76;152;119m▄[38;2;145;183;170;48;2;91;148;128m▄[38;2;75;120;107;48;2;0;29;22m▄[38;2;30;61;37;48;2;167;146;91m▄[38;2;65;50;15;48;2;105;26;5m▄[38;2;170;147;79;48;2;254;195;90m▄[38;2;173;151;81;48;2;255;196;74m▄[38;2;133;109;64;48;2;217;133;85m▄[38;2;38;54;30;48;2;214;166;108m▄[38;2;56;93;77;48;2;6;29;15m▄[38;2;145;186;168;48;2;26;74;57m▄[38;2;142;188;163;48;2;77;159;125m▄[38;2;119;180;148;48;2;10;92;62m▄[38;2;50;146;105;48;2;19;129;83m▄[38;2;8;132;83;48;2;3;129;83m▄[38;2;0;132;80;48;2;23;131;84m▄[38;2;26;129;82;48;2;13;131;83m▄[38;2;2;132;83;48;2;1;132;83m▄[38;2;82;166;126;48;2;24;130;86m▄[38;2;0;64;39;48;2;153;198;174m▄[38;2;13;111;70;48;2;23;76;45m▄[38;2;8;130;83;48;2;32;127;88m▄[38;2;26;130;88;48;2;82;160;119m▄[38;2;104;55;63;48;2;100;139;121m▄[38;2;246;60;117;48;2;194;101;130m▄[38;2;236;61;129;48;2;237;35;94m▄[m
[38;2;159;64;157;48;2;179;70;161m▄[38;2;223;71;144;48;2;237;81;147m▄[38;2;249;100;154;48;2;242;121;164m▄[38;2;175;82;119;48;2;76;63;65m▄[38;2;16;64;39;48;2;20;128;85m▄[38;2;9;129;82;48;2;20;129;82m▄[38;2;2;132;79;48;2;27;126;85m▄[38;2;41;126;90;48;2;6;51;20m▄[38;2;22;64;41;48;2;113;176;147m▄[38;2;108;174;144;48;2;9;130;88m▄[38;2;108;173;140;48;2;8;131;87m▄[38;2;176;214;193;48;2;102;176;140m▄[38;2;194;221;207;48;2;138;182;157m▄[38;2;198;219;206;48;2;189;220;204m▄[38;2;201;216;206;48;2;192;222;204m▄[38;2;196;220;207;48;2;194;220;203m▄[38;2;195;220;205;48;2;196;221;204m▄[38;2;196;221;208;48;2;192;221;206m▄[38;2;194;221;207;48;2;191;222;207m▄[38;2;198;219;207;48;2;196;218;204m▄[38;2;197;220;205;48;2;197;219;207m▄[38;2;197;220;204;48;2;196;220;206m▄[38;2;197;218;206;48;2;187;222;206m▄[38;2;197;217;208;48;2;189;221;202m▄[38;2;196;219;205;48;2;194;220;204m▄[38;2;196;220;206;48;2;197;219;206m▄[38;2;197;220;206;48;2;195;220;205m▄[38;2;196;220;206;48;2;152;198;175m▄[38;2;185;214;198;48;2;109;177;145m▄[38;2;137;198;170;48;2;27;128;84m▄[38;2;99;174;141;48;2;5;130;81m▄[38;2;57;104;80;48;2;76;159;121m▄[38;2;34;105;76;48;2;111;174;148m▄[38;2;11;134;85;48;2;38;124;88m▄[38;2;7;130;81;48;2;21;130;83m▄[38;2;42;127;91;48;2;13;131;82m▄[38;2;136;76;88;48;2;27;75;54m▄[38;2;244;61;117;48;2;210;71;111m▄[38;2;228;64;140;48;2;233;42;106m▄[38;2;225;74;147;48;2;219;69;149m▄[m
[38;2;143;68;162;48;2;151;63;161m▄[38;2;165;63;153;48;2;198;75;151m▄[38;2;234;77;142;48;2;235;78;139m▄[38;2;246;118;165;48;2;254;116;169m▄[38;2;90;83;86;48;2;165;119;133m▄[38;2;183;223;205;48;2;49;117;88m▄[38;2;135;177;157;48;2;42;130;92m▄[38;2;189;220;202;48;2;82;162;129m▄[38;2;195;219;204;48;2;125;173;153m▄[38;2;187;222;208;48;2;72;111;93m▄[38;2;148;194;173;48;2;144;196;172m▄[38;2;69;117;95;48;2;191;222;204m▄[38;2;175;205;189;48;2;194;220;206m▄[38;2;192;220;206;48;2;196;220;206m▄[38;2;188;222;204;48;2;198;220;205m▄[38;2;194;219;207;48;2;197;220;204m▄[38;2;127;169;151;48;2;195;220;204m▄[38;2;48;81;59;48;2;198;221;205m▄[38;2;29;23;9;48;2;198;220;208m▄[38;2;23;25;0;48;2;192;218;205m▄[38;2;29;24;2;48;2;194;219;207m▄[38;2;25;25;5;48;2;197;219;207m▄[38;2;48;69;52;48;2;196;219;203m▄[38;2;99;138;117;48;2;192;219;202m▄[38;2;185;221;204;48;2;197;220;205m▄[38;2;194;220;206;48;2;197;219;206m▄[38;2;195;220;206;48;2;197;220;206m▄[38;2;191;220;205;48;2;195;218;204m▄[38;2;59;96;81;48;2;192;220;205m▄[38;2;10;43;26;48;2;178;215;199m▄[38;2;192;220;208;48;2;119;158;142m▄[38;2;189;222;206;48;2;86;123;106m▄[38;2;191;220;200;48;2;111;176;146m▄[38;2;184;224;204;48;2;40;130;91m▄[38;2;79;119;98;48;2;46;125;94m▄[38;2;177;187;179;48;2;38;17;16m▄[38;2;200;67;99;48;2;253;65;119m▄[38;2;232;71;131;48;2;233;53;116m▄[38;2;232;77;141;48;2;217;67;143m▄[38;2;247;91;154;48;2;237;86;153m▄[m
[38;2;150;61;159;48;2;146;63;162m▄[38;2;174;60;146;48;2;148;61;158m▄[38;2;231;44;117;48;2;218;73;147m▄[38;2;227;86;130;48;2;228;101;145m▄[38;2;70;90;82;48;2;71;97;86m▄[38;2;0;32;18;48;2;60;119;96m▄[38;2;0;32;16;48;2;37;100;71m▄[38;2;0;31;27;48;2;88;118;105m▄[38;2;33;69;63;48;2;193;221;209m▄[38;2;194;220;206;48;2;195;220;204m▄[38;2;195;216;207;48;2;201;218;207m▄[38;2;4;31;24;48;2;181;208;194m▄[38;2;0;31;19;48;2;81;118;102m▄[38;2;0;30;24;48;2;34;68;57m▄[38;2;83;149;121;48;2;56;116;92m▄[38;2;0;33;20;48;2;133;164;157m▄[38;2;34;21;4;48;2;12;26;14m▄[38;2;120;42;16;48;2;83;34;9m▄[38;2;111;16;0;48;2;199;118;35m▄[38;2;159;89;0;48;2;242;183;53m▄[38;2;162;86;0;48;2;245;183;62m▄[38;2;165;84;0;48;2;239;170;68m▄[38;2;103;14;0;48;2;89;24;0m▄[38;2;130;88;56;48;2;52;46;24m▄[38;2;1;30;24;48;2;17;46;39m▄[38;2;86;159;125;48;2;65;118;98m▄[38;2;0;31;22;48;2;7;43;24m▄[38;2;2;29;24;48;2;172;207;194m▄[38;2;0;31;21;48;2;148;178;170m▄[38;2;198;218;210;48;2;196;219;206m▄[38;2;192;221;205;48;2;201;218;204m▄[38;2;91;128;114;48;2;196;219;205m▄[38;2;1;30;28;48;2;178;203;191m▄[38;2;0;35;24;48;2;35;82;60m▄[38;2;0;32;21;48;2;57;133;103m▄[38;2;149;196;177;48;2;186;222;210m▄[38;2;209;137;163;48;2;187;92;117m▄[38;2;239;82;143;48;2;242;74;136m▄[38;2;245;92;150;48;2;246;85;146m▄[38;2;240;79;138;48;2;246;92;151m▄[m
[38;2;166;73;88;48;2;152;62;115m▄[38;2;137;72;81;48;2;155;60;98m▄[38;2;146;17;56;48;2;238;44;98m▄[38;2;226;48;97;48;2;232;41;97m▄[38;2;115;77;85;48;2;138;122;121m▄[38;2;33;103;77;48;2;112;172;151m▄[38;2;25;76;49;48;2;1;30;26m▄[38;2;27;104;78;48;2;0;31;27m▄[38;2;0;36;17;48;2;0;30;23m▄[38;2;69;113;97;48;2;0;30;20m▄[38;2;100;34;60;48;2;34;18;25m▄[38;2;48;5;22;48;2;21;19;19m▄[38;2;16;76;59;48;2;46;100;83m▄[38;2;0;31;22;48;2;0;32;22m▄[38;2;75;153;117;48;2;76;150;118m▄[38;2;34;99;64;48;2;16;87;61m▄[38;2;14;30;1;48;2;13;31;1m▄[38;2;121;62;23;48;2;126;57;23m▄[38;2;142;63;17;48;2;226;141;43m▄[38;2;187;123;21;48;2;255;202;53m▄[38;2;189;121;23;48;2;255;204;49m▄[38;2;191;117;28;48;2;255;194;72m▄[38;2;97;22;0;48;2;102;18;0m▄[38;2;138;129;73;48;2;145;127;77m▄[38;2;36;93;66;48;2;60;119;97m▄[38;2;81;161;121;48;2;83;162;122m▄[38;2;0;32;22;48;2;0;32;23m▄[38;2;43;91;75;48;2;12;75;55m▄[38;2;19;28;28;48;2;17;40;33m▄[38;2;211;127;158;48;2;147;115;125m▄[38;2;107;116;115;48;2;0;30;21m▄[38;2;19;58;42;48;2;0;29;23m▄[38;2;40;93;72;48;2;0;31;23m▄[38;2;24;78;47;48;2;0;29;23m▄[38;2;25;90;57;48;2;50;93;80m▄[38;2;109;117;112;48;2;79;113;97m▄[38;2;233;118;161;48;2;232;127;168m▄[38;2;248;74;133;48;2;245;92;149m▄[38;2;239;76;138;48;2;237;76;138m▄[38;2;211;69;152;48;2;223;73;145m▄[m
[38;2;233;41;107;48;2;200;81;94m▄[38;2;209;65;146;48;2;157;57;93m▄[38;2;186;68;150;48;2;157;57;98m▄[38;2;231;79;142;48;2;232;70;122m▄[38;2;175;82;115;48;2;211;92;135m▄[38;2;46;131;95;48;2;2;37;13m▄[38;2;67;140;103;48;2;36;137;99m▄[38;2;72;134;106;48;2;0;34;11m▄[38;2;63;146;108;48;2;55;120;94m▄[38;2;26;73;51;48;2;84;84;78m▄[38;2;243;119;165;48;2;244;119;165m▄[38;2;248;118;168;48;2;198;102;139m▄[38;2;91;74;82;48;2;3;29;24m▄[38;2;5;41;29;48;2;0;32;20m▄[38;2;19;81;62;48;2;80;150;119m▄[38;2;29;95;69;48;2;46;121;87m▄[38;2;17;28;1;48;2;18;30;1m▄[38;2;122;59;22;48;2;123;63;21m▄[38;2;202;119;50;48;2;223;141;43m▄[38;2;237;177;63;48;2;255;198;59m▄[38;2;237;176;58;48;2;255;200;62m▄[38;2;237;172;74;48;2;255;192;81m▄[38;2;96;26;0;48;2;100;21;0m▄[38;2;137;127;71;48;2;137;129;70m▄[38;2;0;35;14;48;2;58;118;94m▄[38;2;15;88;64;48;2;73;163;122m▄[38;2;1;33;22;48;2;0;34;17m▄[38;2;26;40;37;48;2;0;33;24m▄[38;2;221;117;157;48;2;151;94;116m▄[38;2;240;101;153;48;2;246;117;165m▄[38;2;23;20;18;48;2;169;115;132m▄[38;2;49;143;103;48;2;37;88;64m▄[38;2;69;136;105;48;2;0;34;15m▄[38;2;70;137;105;48;2;40;124;91m▄[38;2;52;142;102;48;2;37;110;66m▄[38;2;31;17;23;48;2;175;114;134m▄[38;2;225;51;105;48;2;241;74;130m▄[38;2;244;68;120;48;2;237;50;114m▄[38;2;229;80;148;48;2;239;74;137m▄[38;2;192;66;160;48;2;214;72;152m▄[m
[38;2;191;65;158;48;2;210;68;147m▄[38;2;182;68;168;48;2;195;70;165m▄[38;2;181;70;166;48;2;186;66;165m▄[38;2;211;69;152;48;2;226;79;156m▄[38;2;223;88;134;48;2;186;75;109m▄[38;2;15;26;18;48;2;69;110;92m▄[38;2;14;57;37;48;2;0;49;26m▄[38;2;2;30;23;48;2;0;32;19m▄[38;2;53;120;97;48;2;3;83;56m▄[38;2;125;89;100;48;2;62;59;57m▄[38;2;251;116;165;48;2;250;119;168m▄[38;2;71;1;22;48;2;246;117;165m▄[38;2;55;120;96;48;2;19;21;19m▄[38;2;21;74;57;48;2;0;29;22m▄[38;2;0;33;22;48;2;0;31;24m▄[38;2;59;132;95;48;2;67;128;97m▄[38;2;17;29;1;48;2;22;26;2m▄[38;2;118;62;22;48;2;119;61;23m▄[38;2;223;141;52;48;2;212;133;57m▄[38;2;255;200;59;48;2;248;191;69m▄[38;2;255;200;65;48;2;248;191;71m▄[38;2;255;193;87;48;2;249;185;86m▄[38;2;98;23;0;48;2;96;23;0m▄[38;2;141;128;69;48;2;139;126;68m▄[38;2;0;39;10;48;2;0;37;16m▄[38;2;0;36;13;48;2;0;40;18m▄[38;2;4;43;30;48;2;2;24;21m▄[38;2;48;122;96;48;2;5;28;21m▄[38;2;59;27;37;48;2;181;91;126m▄[38;2;235;103;153;48;2;244;95;153m▄[38;2;216;135;164;48;2;60;12;30m▄[38;2;35;88;65;48;2;23;93;64m▄[38;2;0;31;23;48;2;0;38;18m▄[38;2;0;32;24;48;2;0;33;15m▄[38;2;33;83;56;48;2;26;97;65m▄[38;2;203;116;149;48;2;67;11;32m▄[38;2;232;78;138;48;2;236;77;136m▄[38;2;212;68;143;48;2;233;76;143m▄[38;2;208;71;148;48;2;193;65;157m▄[38;2;231;76;145;48;2;189;64;159m▄[m
[38;2;193;67;160;48;2;187;66;164m▄[38;2;196;68;162;48;2;185;67;169m▄[38;2;207;66;148;48;2;197;69;160m▄[38;2;234;77;145;48;2;213;65;148m▄[38;2;179;75;111;48;2;167;81;116m▄[38;2;69;116;94;48;2;64;139;105m▄[38;2;0;50;25;48;2;45;111;76m▄[38;2;0;31;20;48;2;52;103;78m▄[38;2;0;80;52;48;2;43;127;90m▄[38;2;52;60;53;48;2;33;76;56m▄[38;2;238;120;176;48;2;238;119;170m▄[38;2;220;82;150;48;2;241;122;171m▄[38;2;117;91;100;48;2;83;80;80m▄[38;2;0;34;18;48;2;27;72;53m▄[38;2;0;32;21;48;2;0;31;21m▄[38;2;60;130;94;48;2;62;140;105m▄[38;2;20;28;1;48;2;15;30;1m▄[38;2;127;61;21;48;2;120;60;22m▄[38;2;226;140;37;48;2;159;75;26m▄[38;2;255;203;43;48;2;200;135;34m▄[38;2;255;203;48;48;2;202;136;32m▄[38;2;255;194;72;48;2;203;131;40m▄[38;2;105;24;0;48;2;93;23;0m▄[38;2;143;126;72;48;2;137;128;72m▄[38;2;0;36;9;48;2;20;75;43m▄[38;2;0;39;15;48;2;0;40;16m▄[38;2;0;31;22;48;2;7;41;33m▄[38;2;17;27;20;48;2;43;65;53m▄[38;2;229;102;150;48;2;199;94;130m▄[38;2;229;79;137;48;2;239;97;152m▄[38;2;49;8;23;48;2;31;16;18m▄[38;2;22;94;66;48;2;42;135;93m▄[38;2;0;35;17;48;2;48;105;75m▄[38;2;0;35;17;48;2;48;106;77m▄[38;2;26;98;68;48;2;45;134;96m▄[38;2;52;6;21;48;2;32;17;22m▄[38;2;240;94;150;48;2;242;94;149m▄[38;2;247;92;151;48;2;238;81;144m▄[38;2;246;93;151;48;2;240;74;134m▄[38;2;246;92;152;48;2;244;84;141m▄[m
