[38;2;194;103;27;48;2;236;137;49m▄[38;2;68;27;69;48;2;68;28;64m▄[38;2;147;80;160;48;2;144;85;158m▄[38;2;57;35;75;48;2;72;37;88m▄[38;2;85;42;105;48;2;84;37;103m▄[38;2;67;26;69;48;2;31;0;16m▄[38;2;144;68;31;48;2;195;103;32m▄[38;2;188;85;12;48;2;166;93;61m▄[38;2;77;19;11;48;2;38;0;1m▄[38;2;22;25;47;48;2;75;21;26m▄[38;2;13;8;29;48;2;37;0;3m▄[38;2;40;8;18;48;2;40;8;12m▄[38;2;38;10;21;48;2;41;2;15m▄[38;2;41;9;14;48;2;69;20;23m▄[38;2;77;27;21;48;2;24;5;16m▄[38;2;59;25;26;48;2;18;5;18m▄[38;2;164;166;190;48;2;32;2;15m▄[38;2;138;137;156;48;2;56;8;3m▄[38;2;29;28;46;48;2;76;21;14m▄[38;2;95;82;108;48;2;32;2;1m▄[38;2;79;48;54;48;2;130;59;38m▄[38;2;120;65;45;48;2;183;88;30m▄[38;2;226;129;46;48;2;224;114;26m▄[38;2;177;93;54;48;2;251;127;29m▄[38;2;100;41;22;48;2;194;89;0m▄[38;2;67;39;48;48;2;205;111;48m▄[38;2;103;46;31;48;2;48;0;0m▄[38;2;204;110;69;48;2;198;115;71m▄[38;2;74;14;2;48;2;148;57;3m▄[38;2;231;167;88;48;2;56;0;0m▄[38;2;100;85;74;48;2;241;160;82m▄[38;2;52;25;6;48;2;233;139;32m▄[38;2;254;190;16;48;2;253;160;9m▄[38;2;250;173;34;48;2;255;187;37m▄[38;2;129;77;45;48;2;221;172;78m▄[38;2;84;35;99;48;2;77;37;87m▄[38;2;83;40;106;48;2;86;43;104m▄[38;2;31;0;47;48;2;29;0;48m▄[38;2;158;81;159;48;2;145;79;163m▄[38;2;43;0;5;48;2;44;0;5m▄[m
[38;2;66;11;7;48;2;184;108;45m▄[38;2;128;64;139;48;2;71;26;68m▄[38;2;176;95;171;48;2;171;95;171m▄[38;2;18;7;31;48;2;18;5;32m▄[38;2;86;42;104;48;2;84;41;104m▄[38;2;83;43;102;48;2;83;44;102m▄[38;2;102;47;49;48;2;111;54;38m▄[38;2;187;90;10;48;2;190;85;0m▄[38;2;180;90;40;48;2;177;91;49m▄[38;2;29;78;121;48;2;26;66;101m▄[38;2;37;132;179;48;2;12;57;88m▄[38;2;23;50;82;48;2;52;22;37m▄[38;2;37;21;31;48;2;117;61;39m▄[38;2;126;68;48;48;2;140;55;19m▄[38;2;72;32;25;48;2;165;74;22m▄[38;2;104;100;111;48;2;160;95;68m▄[38;2;174;180;197;48;2;54;44;47m▄[38;2;175;179;189;48;2;221;220;232m▄[38;2;197;195;212;48;2;209;212;224m▄[38;2;121;130;149;48;2;210;217;228m▄[38;2;34;36;42;48;2;76;78;93m▄[38;2;111;112;135;48;2;247;242;251m▄[38;2;206;207;224;48;2;61;45;35m▄[38;2;112;111;131;48;2;193;183;189m▄[38;2;239;245;255;48;2;213;209;219m▄[38;2;115;119;139;48;2;154;145;165m▄[38;2;63;50;54;48;2;114;63;42m▄[38;2;49;23;24;48;2;56;5;0m▄[38;2;29;25;47;48;2;216;161;122m▄[38;2;12;57;87;48;2;22;9;4m▄[38;2;40;135;186;48;2;38;102;138m▄[38;2;44;26;15;48;2;37;31;15m▄[38;2;250;163;20;48;2;243;169;16m▄[38;2;230;143;46;48;2;249;160;45m▄[38;2;61;16;40;48;2;36;0;11m▄[38;2;84;40;108;48;2;87;40;110m▄[38;2;73;46;91;48;2;79;44;99m▄[38;2;30;2;34;48;2;33;1;43m▄[38;2;172;80;169;48;2;170;83;165m▄[38;2;84;38;82;48;2;44;0;9m▄[m
[38;2;44;0;1;48;2;45;1;1m▄[38;2;141;72;149;48;2;139;71;154m▄[38;2;203;126;190;48;2;179;101;166m▄[38;2;18;5;31;48;2;16;8;29m▄[38;2;80;43;99;48;2;79;41;103m▄[38;2;83;40;104;48;2;87;39;106m▄[38;2;53;19;55;48;2;56;20;56m▄[38;2;176;93;41;48;2;177;90;37m▄[38;2;196;103;15;48;2;194;106;46m▄[38;2;128;83;62;48;2;47;59;76m▄[38;2;37;141;195;48;2;64;176;230m▄[38;2;32;148;200;48;2;6;66;101m▄[38;2;31;64;95;48;2;17;33;61m▄[38;2;181;183;214;48;2;23;16;39m▄[38;2;157;164;184;48;2;161;170;185m▄[38;2;61;67;85;48;2;241;240;251m▄[38;2;151;157;183;48;2;75;77;99m▄[38;2;93;103;114;48;2;183;185;208m▄[38;2;10;13;14;48;2;68;71;84m▄[38;2;105;115;135;48;2;70;79;73m▄[38;2;97;112;154;48;2;225;224;202m▄[38;2;226;228;205;48;2;66;67;63m▄[38;2;70;76;80;48;2;185;193;214m▄[38;2;118;125;148;48;2;70;73;92m▄[38;2;148;159;178;48;2;178;176;199m▄[38;2;120;125;144;48;2;125;127;144m▄[38;2;89;99;117;48;2;175;175;197m▄[38;2;124;132;162;48;2;20;25;54m▄[38;2;3;67;100;48;2;13;37;67m▄[38;2;60;177;238;48;2;17;101;147m▄[38;2;34;115;163;48;2;41;156;217m▄[38;2;159;99;49;48;2;36;27;15m▄[38;2;247;164;5;48;2;252;160;19m▄[38;2;171;113;72;48;2;172;113;68m▄[38;2;79;46;96;48;2;80;45;93m▄[38;2;87;39;108;48;2;87;41;108m▄[38;2;74;45;90;48;2;72;45;94m▄[38;2;29;2;32;48;2;28;2;31m▄[38;2;182;94;176;48;2;186;92;178m▄[38;2;139;85;155;48;2;125;76;139m▄[m
[38;2;45;1;1;48;2;40;0;1m▄[38;2;132;68;142;48;2;133;67;143m▄[38;2;200;126;188;48;2;202;126;189m▄[38;2;15;8;28;48;2;15;7;30m▄[38;2;24;5;41;48;2;39;10;56m▄[38;2;88;42;109;48;2;85;40;110m▄[38;2;86;41;107;48;2;66;22;69m▄[38;2;49;0;3;48;2;145;77;27m▄[38;2;253;130;24;48;2;228;119;23m▄[38;2;166;103;65;48;2;152;94;63m▄[38;2;36;95;137;48;2;64;135;185m▄[38;2;10;99;141;48;2;25;150;206m▄[38;2;21;141;196;48;2;48;137;192m▄[38;2;73;175;225;48;2;50;88;120m▄[38;2;52;154;210;48;2;74;83;112m▄[38;2;2;58;97;48;2;115;122;149m▄[38;2;83;100;110;48;2;68;77;96m▄[38;2;109;117;77;48;2;80;78;59m▄[38;2;72;86;105;48;2;238;239;194m▄[38;2;89;109;181;48;2;84;94;161m▄[38;2;112;133;211;48;2;116;131;202m▄[38;2;91;109;175;48;2;106;124;149m▄[38;2;163;169;147;48;2;180;185;110m▄[38;2;52;62;14;48;2;44;51;47m▄[38;2;0;16;36;48;2;73;83;94m▄[38;2;15;87;129;48;2;43;52;65m▄[38;2;72;173;225;48;2;51;64;83m▄[38;2;75;173;232;48;2;39;82;112m▄[38;2;36;139;195;48;2;38;144;200m▄[38;2;0;100;144;48;2;12;141;198m▄[38;2;37;56;82;48;2;29;68;100m▄[38;2;238;162;69;48;2;225;147;62m▄[38;2;232;144;37;48;2;254;159;28m▄[38;2;53;14;37;48;2;146;84;63m▄[38;2;83;41;103;48;2;81;45;103m▄[38;2;86;43;107;48;2;87;38;108m▄[38;2;19;3;35;48;2;57;34;74m▄[38;2;26;3;28;48;2;26;2;30m▄[48;2;182;94;176m [48;2;139;85;155m [m
[38;2;51;5;11;48;2;40;0;1m▄[38;2;132;69;141;48;2;132;69;140m▄[38;2;206;129;191;48;2;204;128;190m▄[38;2;17;5;28;48;2;14;7;26m▄[38;2;19;6;39;48;2;23;6;40m▄[38;2;24;0;42;48;2;61;21;78m▄[38;2;78;39;101;48;2;80;43;103m▄[38;2;43;7;23;48;2;43;1;4m▄[38;2;235;138;63;48;2;247;131;13m▄[38;2;169;102;64;48;2;166;102;67m▄[38;2;39;95;133;48;2;36;94;132m▄[38;2;10;30;43;48;2;6;32;59m▄[38;2;228;235;156;48;2;0;17;27m▄[38;2;193;197;169;48;2;0;17;31m▄[38;2;93;104;72;48;2;2;85;120m▄[38;2;45;55;54;48;2;23;98;140m▄[38;2;158;164;126;48;2;232;247;233m▄[38;2;166;171;116;48;2;100;101;122m▄[38;2;122;139;146;48;2;89;104;183m▄[38;2;114;128;197;48;2;113;124;205m▄[38;2;118;136;200;48;2;111;136;198m▄[38;2;91;111;164;48;2;95;106;182m▄[38;2;127;138;116;48;2;70;78;140m▄[38;2;171;184;114;48;2;107;116;80m▄[38;2;17;12;2;48;2;0;25;14m▄[38;2;42;55;66;48;2;5;99;144m▄[38;2;113;119;105;48;2;3;60;90m▄[38;2;189;187;151;48;2;0;16;24m▄[38;2;217;222;155;48;2;0;18;34m▄[38;2;48;92;125;48;2;30;93;128m▄[38;2;36;56;85;48;2;35;57;86m▄[38;2;242;151;67;48;2;230;143;50m▄[38;2;136;64;27;48;2;234;139;47m▄[38;2;40;13;49;48;2;36;7;36m▄[38;2;67;38;90;48;2;82;43;102m▄[38;2;65;39;84;48;2;75;42;95m▄[38;2;15;6;30;48;2;16;4;30m▄[38;2;27;2;31;48;2;26;3;29m▄[38;2;182;93;176;48;2;182;94;176m▄[48;2;139;85;155m [m
[38;2;119;77;132;48;2;82;44;87m▄[38;2;137;66;146;48;2;138;67;145m▄[38;2;222;149;209;48;2;224;151;208m▄[38;2;15;7;27;48;2;15;9;26m▄[38;2;12;7;26;48;2;18;9;36m▄[38;2;18;3;33;48;2;19;3;38m▄[38;2;50;24;75;48;2;54;22;73m▄[38;2;51;25;75;48;2;48;26;70m▄[38;2;212;148;99;48;2;220;142;87m▄[38;2;250;159;40;48;2;219;129;45m▄[38;2;22;10;13;48;2;38;51;66m▄[38;2;22;52;63;48;2;11;29;41m▄[38;2;94;102;36;48;2;220;222;159m▄[38;2;14;12;9;48;2;10;9;36m▄[38;2;9;10;25;48;2;69;70;80m▄[38;2;23;18;2;48;2;246;247;202m▄[38;2;46;53;1;48;2;11;14;1m▄[38;2;16;17;22;48;2;44;56;35m▄[38;2;243;247;226;48;2;228;235;177m▄[38;2;90;105;178;48;2;111;131;190m▄[38;2;117;135;202;48;2;206;225;239m▄[38;2;97;112;138;48;2;97;111;138m▄[38;2;110;110;75;48;2;132;140;67m▄[38;2;13;21;19;48;2;42;53;57m▄[38;2;201;205;140;48;2;252;252;232m▄[38;2;15;16;22;48;2;196;198;207m▄[38;2;10;9;31;48;2;54;53;79m▄[38;2;162;163;130;48;2;10;10;21m▄[38;2;47;57;35;48;2;221;223;154m▄[38;2;36;52;79;48;2;54;91;122m▄[38;2;107;57;43;48;2;82;60;60m▄[38;2;182;88;25;48;2;188;88;14m▄[38;2;37;0;6;48;2;44;0;1m▄[38;2;53;23;78;48;2;52;22;78m▄[38;2;51;24;66;48;2;49;25;69m▄[38;2;21;8;40;48;2;61;41;81m▄[38;2;15;9;30;48;2;13;7;30m▄[38;2;26;2;30;48;2;29;1;30m▄[38;2;184;93;175;48;2;182;94;176m▄[38;2;155;77;172;48;2;148;81;165m▄[m
[38;2;125;74;139;48;2;124;77;137m▄[38;2;156;73;150;48;2;139;64;143m▄[38;2;236;144;214;48;2;226;148;210m▄[38;2;43;15;55;48;2;27;8;38m▄[38;2;13;10;29;48;2;12;8;28m▄[38;2;14;6;31;48;2;18;8;35m▄[38;2;28;14;50;48;2;46;25;66m▄[38;2;51;25;69;48;2;49;18;71m▄[38;2;13;7;19;48;2;33;0;11m▄[38;2;250;246;214;48;2;199;147;85m▄[38;2;83;86;76;48;2;42;24;12m▄[38;2;193;205;127;48;2;24;29;11m▄[38;2;67;95;43;48;2;47;70;10m▄[38;2;29;63;28;48;2;49;51;9m▄[38;2;130;154;121;48;2;18;17;6m▄[38;2;32;29;32;48;2;13;10;29m▄[38;2;29;25;66;48;2;181;186;147m▄[38;2;41;48;61;48;2;171;175;111m▄[38;2;245;247;216;48;2;244;248;209m▄[38;2;95;105;179;48;2;91;107;187m▄[38;2;119;136;185;48;2;116;137;200m▄[38;2;96;112;139;48;2;97;111;141m▄[38;2;149;152;105;48;2;138;143;66m▄[38;2;46;52;96;48;2;122;136;100m▄[38;2;29;25;59;48;2;32;30;18m▄[38;2;76;87;61;48;2;14;8;26m▄[38;2;67;95;66;48;2;29;30;11m▄[38;2;34;62;17;48;2;198;206;125m▄[38;2;84;107;58;48;2;38;53;40m▄[38;2;35;39;2;48;2;23;30;10m▄[38;2;136;137;87;48;2;79;49;18m▄[38;2;230;233;185;48;2;103;61;47m▄[38;2;46;27;52;48;2;57;28;64m▄[38;2;36;19;58;48;2;53;21;80m▄[38;2;43;28;56;48;2;47;25;67m▄[38;2;12;10;29;48;2;12;10;30m▄[38;2;15;9;28;48;2;12;8;26m▄[38;2;90;42;91;48;2;32;2;36m▄[38;2;188;90;181;48;2;187;91;176m▄[38;2;153;76;170;48;2;153;76;172m▄[m
[38;2;88;41;109;48;2;105;53;124m▄[38;2;167;82;157;48;2;170;79;158m▄[38;2;243;141;211;48;2;242;141;215m▄[38;2;44;14;57;48;2;49;13;57m▄[38;2;12;9;26;48;2;10;9;24m▄[38;2;11;9;25;48;2;13;8;25m▄[38;2;13;8;28;48;2;12;9;29m▄[38;2;14;9;19;48;2;31;19;25m▄[38;2;230;232;191;48;2;138;141;112m▄[38;2;15;13;3;48;2;33;31;48m▄[38;2;11;8;28;48;2;11;10;25m▄[38;2;12;6;29;48;2;80;77;56m▄[38;2;6;10;1;48;2;138;146;67m▄[38;2;31;33;17;48;2;156;179;108m▄[38;2;66;71;87;48;2;151;179;140m▄[38;2;194;201;141;48;2;212;224;128m▄[38;2;244;248;204;48;2;45;45;47m▄[38;2;233;242;215;48;2;68;72;107m▄[38;2;184;195;175;48;2;226;234;193m▄[38;2;91;105;185;48;2;88;111;172m▄[38;2;112;136;204;48;2;158;177;195m▄[38;2;96;110;157;48;2;96;111;143m▄[38;2;209;218;174;48;2;144;152;114m▄[38;2;243;246;229;48;2;70;81;126m▄[38;2;243;248;203;48;2;129;137;110m▄[38;2;181;186;157;48;2;195;213;133m▄[38;2;53;55;68;48;2;143;169;135m▄[38;2;32;31;32;48;2;195;213;129m▄[38;2;29;30;28;48;2;132;137;72m▄[38;2;13;9;27;48;2;14;10;9m▄[38;2;13;9;27;48;2;13;9;24m▄[38;2;17;16;0;48;2;31;33;21m▄[38;2;13;13;0;48;2;122;115;86m▄[38;2;12;9;26;48;2;21;15;36m▄[38;2;12;9;25;48;2;15;6;26m▄[38;2;13;9;29;48;2;13;9;30m▄[38;2;14;8;25;48;2;14;8;27m▄[38;2;208;124;183;48;2;154;88;147m▄[38;2;190;90;178;48;2;188;89;183m▄[38;2;153;75;171;48;2;154;76;170m▄[m
[38;2;89;39;105;48;2;86;39;107m▄[38;2;174;89;160;48;2;167;82;156m▄[38;2;242;141;208;48;2;243;142;211m▄[38;2;44;14;55;48;2;44;14;57m▄[38;2;14;9;27;48;2;13;9;27m▄[38;2;12;9;25;48;2;13;9;27m▄[38;2;9;10;27;48;2;11;10;27m▄[38;2;18;7;10;48;2;18;9;25m▄[38;2;228;207;154;48;2;20;3;0m▄[38;2;165;140;91;48;2;91;85;54m▄[38;2;169;166;126;48;2;32;31;18m▄[38;2;98;99;68;48;2;13;12;18m▄[38;2;139;142;93;48;2;16;12;0m▄[38;2;165;168;110;48;2;35;29;14m▄[38;2;152;155;97;48;2;38;44;74m▄[38;2;106;114;73;48;2;50;54;101m▄[38;2;116;122;96;48;2;218;227;238m▄[38;2;88;90;145;48;2;80;88;154m▄[38;2;95;105;180;48;2;91;106;185m▄[38;2;87;102;161;48;2;91;106;188m▄[38;2;172;184;218;48;2;117;132;194m▄[38;2;67;81;146;48;2;90;108;182m▄[38;2;74;79;134;48;2;73;78;146m▄[38;2;84;89;119;48;2;75;83;113m▄[38;2;107;117;71;48;2;53;58;70m▄[38;2;116;120;82;48;2;49;52;101m▄[38;2;179;179;114;48;2;26;30;47m▄[38;2;168;168;112;48;2;29;31;29m▄[38;2;137;137;96;48;2;10;17;0m▄[38;2;112;116;97;48;2;14;8;23m▄[38;2;125;112;96;48;2;158;151;144m▄[38;2;217;196;130;48;2;22;15;0m▄[38;2;147;130;103;48;2;18;6;15m▄[38;2;14;8;21;48;2;18;9;27m▄[38;2;9;11;26;48;2;13;10;25m▄[48;2;13;9;29m [48;2;14;8;25m [38;2;208;124;184;48;2;209;124;184m▄[38;2;190;91;178;48;2;189;89;177m▄[48;2;154;76;172m [m
[38;2;132;71;145;48;2;127;70;142m▄[38;2;183;94;171;48;2;175;87;161m▄[38;2;240;142;211;48;2;241;141;208m▄[38;2;43;15;55;48;2;44;14;55m▄[48;2;13;9;27m [38;2;11;9;27;48;2;12;9;28m▄[38;2;14;9;23;48;2;11;10;25m▄[38;2;9;11;28;48;2;14;8;29m▄[38;2;17;11;33;48;2;26;8;7m▄[38;2;81;58;42;48;2;145;115;72m▄[38;2;201;168;123;48;2;94;80;43m▄[38;2;140;121;88;48;2;19;11;0m▄[38;2;190;163;95;48;2;119;114;79m▄[38;2;197;188;146;48;2;56;54;32m▄[38;2;85;91;93;48;2;14;14;3m▄[38;2;195;196;213;48;2;18;16;0m▄[38;2;204;201;210;48;2;135;142;76m▄[38;2;114;112;107;48;2;227;236;173m▄[38;2;232;235;169;48;2;187;199;154m▄[38;2;67;81;141;48;2;66;79;146m▄[38;2;96;107;190;48;2;90;103;186m▄[38;2;77;82;116;48;2;69;82;122m▄[38;2;121;122;88;48;2;237;244;194m▄[38;2;156;152;170;48;2;247;248;196m▄[38;2;214;212;227;48;2;60;61;0m▄[38;2;167;165;182;48;2;17;15;0m▄[38;2;76;76;65;48;2;10;12;4m▄[38;2;231;217;161;48;2;59;56;26m▄[38;2;180;155;99;48;2;121;107;86m▄[38;2;84;67;24;48;2;20;11;1m▄[38;2;203;168;112;48;2;181;155;99m▄[38;2;28;9;20;48;2;255;237;201m▄[38;2;5;9;27;48;2;14;10;19m▄[38;2;14;10;24;48;2;15;7;27m▄[38;2;11;10;24;48;2;13;9;29m▄[48;2;13;9;29m [48;2;14;8;25m [48;2;208;124;184m [48;2;190;91;178m [48;2;154;76;172m [m
[38;2;153;75;168;48;2;140;69;152m▄[38;2;189;95;174;48;2;188;95;175m▄[38;2;243;141;209;48;2;238;142;207m▄[38;2;56;16;61;48;2;48;14;55m▄[38;2;7;10;28;48;2;13;9;29m▄[38;2;13;9;26;48;2;14;8;27m▄[38;2;11;10;25;48;2;13;9;27m▄[38;2;10;8;26;48;2;7;7;25m▄[38;2;14;10;30;48;2;8;7;24m▄[38;2;16;8;27;48;2;23;18;28m▄[38;2;59;30;17;48;2;208;177;134m▄[38;2;156;126;76;48;2;68;58;16m▄[38;2;41;20;8;48;2;175;149;80m▄[38;2;181;152;91;48;2;245;242;191m▄[38;2;64;57;0;48;2;166;148;106m▄[38;2;100;82;13;48;2;54;52;42m▄[38;2;98;87;28;48;2;10;15;6m▄[38;2;206;208;197;48;2;40;40;15m▄[38;2;75;83;106;48;2;229;232;167m▄[38;2;69;80;144;48;2;71;81;140m▄[38;2;94;110;165;48;2;91;105;190m▄[38;2;72;82;132;48;2;73;84;106m▄[38;2;96;102;85;48;2;142;147;67m▄[38;2;234;234;165;48;2;28;28;11m▄[38;2;178;155;109;48;2;49;51;46m▄[38;2;93;72;13;48;2;80;65;48m▄[38;2;70;57;0;48;2;226;213;166m▄[38;2;164;150;96;48;2;202;189;132m▄[38;2;27;16;2;48;2;120;110;71m▄[38;2;177;154;108;48;2;185;156;98m▄[38;2;33;16;24;48;2;110;81;58m▄[38;2;12;8;27;48;2;16;9;24m▄[38;2;12;9;26;48;2;13;9;27m▄[38;2;12;9;28;48;2;13;9;27m▄[38;2;14;8;25;48;2;11;9;25m▄[38;2;14;8;28;48;2;13;8;29m▄[38;2;9;10;27;48;2;14;8;25m▄[38;2;207;124;184;48;2;208;124;184m▄[38;2;191;89;178;48;2;190;91;177m▄[48;2;153;76;172m [m
[38;2;126;73;146;48;2;147;81;166m▄[38;2;180;88;169;48;2;187;95;175m▄[38;2;250;135;207;48;2;249;138;212m▄[38;2;195;94;167;48;2;84;21;78m▄[38;2;133;64;125;48;2;14;8;33m▄[38;2;29;1;39;48;2;14;8;29m▄[38;2;16;8;32;48;2;12;9;25m▄[38;2;11;10;26;48;2;14;8;24m▄[48;2;13;9;27m [38;2;12;9;27;48;2;10;9;27m▄[38;2;14;7;27;48;2;18;9;15m▄[38;2;13;9;18;48;2;154;131;88m▄[38;2;16;12;7;48;2;110;95;60m▄[38;2;70;71;66;48;2;103;87;61m▄[38;2;133;110;62;48;2;230;203;134m▄[38;2;138;124;128;48;2;225;196;136m▄[38;2;129;117;106;48;2;228;202;144m▄[38;2;205;194;192;48;2;94;95;65m▄[38;2;90;84;43;48;2;175;175;191m▄[38;2;131;138;139;48;2;78;95;143m▄[38;2;96;112;152;48;2;146;156;182m▄[38;2;195;194;162;48;2;71;82;117m▄[38;2;134;124;108;48;2;114;117;97m▄[38;2;193;187;175;48;2;64;48;24m▄[38;2;254;244;236;48;2;238;217;168m▄[38;2;158;142;123;48;2;225;197;130m▄[38;2;64;56;15;48;2;226;197;137m▄[38;2;49;53;54;48;2;52;40;21m▄[38;2;11;15;0;48;2;96;83;48m▄[38;2;11;9;18;48;2;51;38;26m▄[38;2;12;8;26;48;2;16;7;27m▄[38;2;11;9;24;48;2;11;11;30m▄[38;2;12;9;28;48;2;11;10;26m▄[38;2;13;9;23;48;2;14;9;23m▄[38;2;12;10;28;48;2;13;9;28m▄[38;2;13;11;30;48;2;11;10;28m▄[38;2;40;4;47;48;2;16;5;33m▄[38;2;218;116;192;48;2;212;120;186m▄[38;2;167;81;171;48;2;192;89;182m▄[38;2;150;80;165;48;2;154;74;170m▄[m
[38;2;18;5;35;48;2;77;48;94m▄[38;2;46;23;60;48;2;100;32;109m▄[38;2;80;33;91;48;2;149;62;135m▄[38;2;132;64;140;48;2;218;110;188m▄[38;2;173;86;163;48;2;249;133;211m▄[38;2;221;111;190;48;2;215;120;190m▄[38;2;188;90;167;48;2;92;44;90m▄[38;2;42;17;56;48;2;13;8;26m▄[38;2;13;7;30;48;2;11;9;27m▄[38;2;13;10;25;48;2;12;9;26m▄[38;2;13;10;13;48;2;11;8;21m▄[38;2;144;148;60;48;2;67;72;49m▄[38;2;114;116;82;48;2;123;128;100m▄[38;2;146;126;101;48;2;204;181;146m▄[38;2;243;220;155;48;2;134;121;77m▄[38;2;242;221;157;48;2;159;159;165m▄[38;2;163;144;82;48;2;231;215;188m▄[38;2;111;98;76;48;2;231;205;146m▄[38;2;50;46;51;48;2;179;155;84m▄[38;2;44;44;52;48;2;40;33;15m▄[38;2;30;29;39;48;2;213;220;174m▄[38;2;28;29;40;48;2;134;115;79m▄[38;2;58;54;47;48;2;197;172;105m▄[38;2;125;109;73;48;2;239;215;175m▄[38;2;223;196;133;48;2;226;209;198m▄[38;2;243;219;155;48;2;131;130;140m▄[38;2;203;173;108;48;2;239;215;166m▄[38;2;61;51;38;48;2;56;44;28m▄[38;2;83;90;14;48;2;133;139;74m▄[38;2;148;152;63;48;2;57;57;24m▄[38;2;14;8;29;48;2;11;9;26m▄[38;2;10;8;22;48;2;13;8;23m▄[38;2;14;9;25;48;2;13;8;28m▄[38;2;13;8;28;48;2;11;10;28m▄[38;2;14;10;27;48;2;13;10;26m▄[38;2;33;5;40;48;2;15;7;27m▄[38;2;201;102;174;48;2;141;68;135m▄[38;2;130;55;129;48;2;192;87;169m▄[38;2;72;33;76;48;2;113;48;130m▄[38;2;102;39;42;48;2;90;39;109m▄[m
[38;2;74;74;122;48;2;33;26;57m▄[38;2;77;34;29;48;2;173;106;68m▄[38;2;54;44;39;48;2;32;2;13m▄[38;2;47;47;32;48;2;66;40;84m▄[38;2;50;41;48;48;2;124;73;140m▄[38;2;43;15;54;48;2;147;62;144m▄[38;2;120;61;130;48;2;193;88;173m▄[38;2;136;70;148;48;2;133;70;143m▄[38;2;48;19;66;48;2;16;4;31m▄[38;2;10;7;28;48;2;11;10;26m▄[38;2;14;14;3;48;2;15;12;5m▄[38;2;233;239;88;48;2;201;207;73m▄[38;2;21;22;27;48;2;54;60;40m▄[38;2;109;119;142;48;2;92;99;106m▄[38;2;81;85;100;48;2;112;89;63m▄[38;2;50;55;74;48;2;179;151;113m▄[38;2;85;91;113;48;2;68;70;69m▄[38;2;178;180;208;48;2;118;125;149m▄[38;2;118;120;141;48;2;62;69;94m▄[38;2;199;200;225;48;2;140;153;183m▄[38;2;95;97;118;48;2;64;77;96m▄[38;2;117;118;148;48;2;61;70;91m▄[38;2;185;192;218;48;2;134;140;163m▄[38;2;84;91;114;48;2;66;69;86m▄[38;2;147;150;175;48;2;17;11;11m▄[38;2;57;59;73;48;2;185;152;106m▄[38;2;66;75;92;48;2;23;9;3m▄[38;2;146;151;179;48;2;95;98;114m▄[38;2;27;29;8;48;2;27;30;6m▄[38;2;203;204;84;48;2;197;204;90m▄[38;2;15;9;17;48;2;14;9;19m▄[38;2;7;8;25;48;2;12;9;29m▄[38;2;10;9;26;48;2;12;9;25m▄[38;2;10;9;24;48;2;13;9;25m▄[38;2;15;10;16;48;2;11;9;29m▄[38;2;71;65;45;48;2;96;65;110m▄[38;2;107;97;72;48;2;167;96;156m▄[38;2;76;28;21;48;2;50;0;9m▄[38;2;192;98;40;48;2;210;115;56m▄[38;2;85;44;44;48;2;237;134;55m▄[m
[38;2;246;218;137;48;2;34;23;9m▄[38;2;176;151;84;48;2;24;16;4m▄[38;2;88;82;47;48;2;9;16;3m▄[38;2;65;61;35;48;2;76;73;55m▄[38;2;31;22;7;48;2;88;83;40m▄[38;2;215;184;113;48;2;68;59;22m▄[38;2;230;195;122;48;2;35;12;10m▄[38;2;139;111;91;48;2;114;70;116m▄[38;2;75;49;94;48;2;87;44;104m▄[38;2;12;9;27;48;2;18;6;29m▄[38;2;14;15;3;48;2;16;14;2m▄[38;2;230;234;94;48;2;238;242;100m▄[38;2;57;62;39;48;2;19;19;22m▄[38;2;92;97;119;48;2;93;97;118m▄[38;2;148;147;163;48;2;165;171;196m▄[38;2;245;242;255;48;2;129;131;154m▄[38;2;126;124;138;48;2;92;93;113m▄[38;2;207;205;220;48;2;173;176;197m▄[38;2;247;244;254;48;2;212;212;228m▄[38;2;247;244;255;48;2;247;242;254m▄[38;2;129;130;153;48;2;132;131;150m▄[38;2;245;245;255;48;2;215;213;228m▄[38;2;193;192;204;48;2;180;179;195m▄[38;2;123;124;145;48;2;124;123;140m▄[38;2;245;244;254;48;2;212;212;224m▄[38;2;172;175;196;48;2;96;101;121m▄[38;2;207;211;230;48;2;96;103;127m▄[38;2;87;93;104;48;2;144;150;181m▄[38;2;70;71;7;48;2;30;31;8m▄[38;2;236;241;115;48;2;237;239;114m▄[48;2;14;10;16m [38;2;17;11;5;48;2;13;9;27m▄[38;2;232;216;161;48;2;16;8;14m▄[38;2;240;223;145;48;2;50;37;17m▄[38;2;140;118;45;48;2;149;120;57m▄[38;2;98;81;37;48;2;184;152;78m▄[38;2;12;9;0;48;2;137;114;60m▄[38;2;14;12;0;48;2;90;79;44m▄[38;2;35;36;22;48;2;22;10;7m▄[38;2;48;53;53;48;2;70;74;119m▄[m
[38;2;224;177;98;48;2;230;198;115m▄[38;2;158;130;66;48;2;183;148;87m▄[38;2;60;58;16;48;2;89;83;37m▄[38;2;61;60;28;48;2;85;83;41m▄[38;2;50;62;25;48;2;51;56;28m▄[38;2;12;16;0;48;2;74;56;34m▄[38;2;145;115;55;48;2;191;148;76m▄[38;2;210;182;121;48;2;195;170;115m▄[38;2;136;141;78;48;2;86;76;71m▄[38;2;100;99;55;48;2;13;8;19m▄[38;2;15;8;15;48;2;13;11;12m▄[38;2;109;113;70;48;2;181;185;78m▄[38;2;182;187;120;48;2;158;164;104m▄[38;2;156;158;181;48;2;183;184;207m▄[38;2;141;145;172;48;2;144;148;169m▄[38;2;208;212;232;48;2;227;226;241m▄[38;2;209;209;231;48;2;213;209;229m▄[38;2;173;173;195;48;2;194;192;214m▄[38;2;209;208;231;48;2;227;225;241m▄[38;2;212;208;232;48;2;228;224;240m▄[38;2;128;128;149;48;2;132;129;156m▄[38;2;213;210;233;48;2;228;225;241m▄[38;2;161;159;178;48;2;171;168;184m▄[38;2;210;210;233;48;2;212;210;234m▄[38;2;181;183;206;48;2;224;225;243m▄[38;2;125;128;150;48;2;174;173;196m▄[38;2;152;157;185;48;2;194;196;220m▄[38;2;37;37;44;48;2;31;31;43m▄[38;2;193;202;92;48;2;161;167;46m▄[38;2;58;58;10;48;2;168;170;59m▄[38;2;13;9;19;48;2;14;10;15m▄[38;2;129;119;91;48;2;86;69;21m▄[38;2;216;180;123;48;2;253;232;160m▄[38;2;133;103;35;48;2;169;145;78m▄[38;2;16;13;0;48;2;89;81;45m▄[38;2;51;57;32;48;2;43;36;19m▄[38;2;100;84;24;48;2;121;103;52m▄[38;2;219;181;104;48;2;166;137;70m▄[38;2;250;216;132;48;2;147;121;77m▄[38;2;241;214;137;48;2;130;106;78m▄[m
[38;2;83;71;34;48;2;139;116;49m▄[38;2;65;47;27;48;2;78;73;37m▄[38;2;101;86;38;48;2;8;15;0m▄[38;2;70;67;27;48;2;11;12;3m▄[38;2;52;56;34;48;2;10;14;7m▄[38;2;96;83;57;48;2;92;80;55m▄[38;2;205;183;126;48;2;204;168;98m▄[38;2;216;191;151;48;2;248;215;145m▄[38;2;26;11;0;48;2;18;13;0m▄[38;2;106;108;44;48;2;174;178;75m▄[38;2;171;177;68;48;2;135;137;81m▄[38;2;161;166;54;48;2;10;13;0m▄[38;2;72;73;39;48;2;84;84;53m▄[38;2;10;13;8;48;2;90;98;103m▄[38;2;67;79;87;48;2;102;113;132m▄[38;2;108;117;134;48;2;154;160;183m▄[38;2;142;150;173;48;2;154;160;185m▄[38;2;106;116;134;48;2;125;132;152m▄[38;2;131;140;163;48;2;152;157;186m▄[38;2;150;155;184;48;2;156;158;187m▄[38;2;59;69;90;48;2;67;73;94m▄[38;2;131;139;163;48;2;153;157;185m▄[38;2;97;106;125;48;2;114;119;142m▄[38;2;106;115;135;48;2;151;157;182m▄[38;2;138;148;168;48;2;153;160;185m▄[38;2;91;101;116;48;2;122;132;154m▄[38;2;90;97;107;48;2;117;125;149m▄[38;2;63;63;48;48;2;61;63;55m▄[38;2;56;63;24;48;2;131;133;81m▄[38;2;54;58;35;48;2;13;14;7m▄[38;2;237;235;245;48;2;139;139;152m▄[38;2;250;244;254;48;2;243;244;254m▄[38;2;149;146;169;48;2;225;209;200m▄[38;2;47;52;33;48;2;122;105;57m▄[38;2;69;64;32;48;2;17;10;6m▄[38;2;127;113;57;48;2;14;10;1m▄[38;2;145;115;54;48;2;22;16;1m▄[38;2;199;163;85;48;2;72;53;0m▄[38;2;122;98;33;48;2;122;102;35m▄[38;2;91;76;19;48;2;140;124;50m▄[m
[38;2;225;180;101;48;2;181;156;79m▄[38;2;226;179;96;48;2;223;180;104m▄[38;2;219;183;101;48;2;254;210;127m▄[38;2;95;78;26;48;2;122;101;37m▄[38;2;57;57;26;48;2;81;82;43m▄[38;2;11;11;14;48;2;13;14;9m▄[38;2;86;84;106;48;2;162;156;173m▄[38;2;197;196;215;48;2;247;241;254m▄[38;2;206;204;219;48;2;56;54;48m▄[38;2;33;33;24;48;2;61;67;38m▄[38;2;82;87;46;48;2;86;92;7m▄[38;2;102;105;34;48;2;205;205;69m▄[38;2;160;165;16;48;2;198;206;63m▄[38;2;240;246;80;48;2;137;144;43m▄[38;2;216;223;94;48;2;59;64;49m▄[38;2;159;165;103;48;2;89;98;101m▄[38;2;27;30;20;48;2;91;99;111m▄[38;2;45;50;53;48;2;77;90;98m▄[38;2;43;48;59;48;2;60;72;81m▄[38;2;91;98;111;48;2;88;98;108m▄[38;2;41;53;59;48;2;43;55;64m▄[38;2;40;51;57;48;2;61;72;80m▄[38;2;90;100;104;48;2;76;87;96m▄[38;2;16;23;20;48;2;88;99;108m▄[38;2;59;66;43;48;2;87;98;103m▄[38;2;173;177;100;48;2;77;83;83m▄[38;2;232;240;117;48;2;13;17;0m▄[38;2;175;180;77;48;2;187;194;84m▄[38;2;90;91;52;48;2;187;194;107m▄[38;2;243;246;255;48;2;208;213;210m▄[38;2;147;147;177;48;2;245;245;255m▄[38;2;28;30;45;48;2;185;183;211m▄[38;2;47;53;44;48;2;10;13;25m▄[38;2;56;57;29;48;2;54;58;25m▄[38;2;100;91;46;48;2;133;117;62m▄[38;2;94;82;33;48;2;139;119;53m▄[38;2;111;90;30;48;2;115;87;14m▄[38;2;204;163;90;48;2;251;216;130m▄[38;2;236;204;120;48;2;235;197;116m▄[38;2;252;235;158;48;2;219;182;104m▄[m
[38;2;141;116;62;48;2;228;181;96m▄[38;2;75;60;27;48;2;207;167;92m▄[38;2;70;54;12;48;2;135;113;59m▄[38;2;198;170;112;48;2;65;60;26m▄[38;2;243;209;142;48;2;22;20;4m▄[38;2;100;81;23;48;2;61;56;33m▄[38;2;86;84;45;48;2;60;58;63m▄[38;2;96;97;114;48;2;154;153;182m▄[38;2;210;211;231;48;2;247;247;255m▄[38;2;35;38;15;48;2;38;34;27m▄[38;2;56;62;0;48;2;84;89;40m▄[38;2;239;244;110;48;2;66;76;9m▄[38;2;196;197;83;48;2;106;110;12m▄[38;2;176;178;64;48;2;234;235;88m▄[38;2;176;181;5;48;2;239;242;71m▄[38;2;205;208;37;48;2;242;246;77m▄[38;2;241;245;71;48;2;203;209;64m▄[38;2;241;246;68;48;2;123;128;33m▄[38;2;238;244;84;48;2;29;31;8m▄[38;2;254;254;125;48;2;28;29;9m▄[38;2;254;254;142;48;2;27;31;9m▄[38;2;255;255;164;48;2;28;31;9m▄[38;2;255;255;166;48;2;50;53;9m▄[38;2;255;255;158;48;2;145;150;24m▄[38;2;241;243;106;48;2;240;241;112m▄[38;2;194;197;67;48;2;243;242;120m▄[38;2;89;92;0;48;2;249;249;169m▄[38;2;56;59;5;48;2;91;96;35m▄[38;2;79;84;61;48;2;75;79;62m▄[38;2;11;12;9;48;2;155;155;182m▄[38;2;44;44;38;48;2;60;61;69m▄[38;2;54;55;38;48;2;77;79;72m▄[38;2;82;83;43;48;2;11;12;3m▄[38;2;93;85;39;48;2;20;17;3m▄[38;2;97;81;28;48;2;21;18;3m▄[38;2;171;145;89;48;2;77;72;47m▄[38;2;176;151;96;48;2;88;75;51m▄[38;2;25;13;0;48;2;94;83;32m▄[38;2;84;69;23;48;2;162;137;67m▄[38;2;144;119;53;48;2;211;177;99m▄[m
[38;2;221;178;102;48;2;85;70;47m▄[38;2;227;180;99;48;2;152;124;61m▄[38;2;228;180;100;48;2;210;167;89m▄[38;2;221;181;103;48;2;227;179;96m▄[38;2;183;150;84;48;2;224;182;97m▄[38;2;94;83;43;48;2;142;117;53m▄[38;2;35;30;10;48;2;90;83;43m▄[38;2;18;5;17;48;2;10;10;22m▄[38;2;69;27;16;48;2;58;58;57m▄[38;2;48;22;0;48;2;186;192;89m▄[38;2;200;197;111;48;2;171;176;68m▄[38;2;233;241;132;48;2;141;144;43m▄[38;2;232;238;89;48;2;143;143;34m▄[38;2;178;180;30;48;2;176;178;57m▄[38;2;190;194;49;48;2;189;194;46m▄[38;2;200;208;46;48;2;203;209;47m▄[38;2;202;208;45;48;2;204;206;49m▄[38;2;201;207;48;48;2;204;207;51m▄[38;2;137;144;13;48;2;202;207;64m▄[38;2;243;244;130;48;2;145;149;40m▄[38;2;229;233;112;48;2;167;174;39m▄[38;2;201;207;71;48;2;197;207;60m▄[38;2;202;207;47;48;2;199;208;54m▄[38;2;202;208;45;48;2;198;207;48m▄[38;2;201;206;54;48;2;175;182;18m▄[38;2;164;165;46;48;2;153;158;54m▄[38;2;197;201;97;48;2;227;232;120m▄[38;2;187;191;97;48;2;191;199;70m▄[38;2;59;65;0;48;2;55;63;8m▄[38;2;235;241;113;48;2;85;89;26m▄[38;2;200;201;108;48;2;75;75;42m▄[38;2;14;15;0;48;2;54;56;33m▄[38;2;20;13;0;48;2;64;70;31m▄[38;2;26;9;0;48;2;81;73;29m▄[38;2;62;54;9;48;2;163;137;66m▄[38;2;172;146;80;48;2;235;199;117m▄[38;2;223;180;100;48;2;241;199;116m▄[38;2;253;214;132;48;2;211;168;91m▄[38;2;233;198;115;48;2;154;130;67m▄[38;2;180;148;77;48;2;99;82;26m▄[m
