[48;2;0;0;0m       [38;2;35;21;14;48;2;30;19;10m▄[38;2;42;16;7;48;2;33;13;1m▄[38;2;109;74;40;48;2;105;67;26m▄[38;2;114;73;38;48;2;120;67;29m▄[38;2;44;17;5;48;2;39;16;1m▄[38;2;44;17;5;48;2;31;15;5m▄[38;2;50;24;10;48;2;34;18;3m▄[38;2;41;21;6;48;2;36;13;8m▄[38;2;113;72;40;48;2;114;61;29m▄[38;2;113;71;43;48;2;120;66;35m▄[38;2;51;24;7;48;2;29;20;4m▄[38;2;37;10;1;48;2;16;1;0m▄[48;2;0;0;0m [38;2;50;36;32;48;2;45;39;31m▄[38;2;39;20;8;48;2;26;16;6m▄[38;2;11;8;7;48;2;8;7;6m▄[48;2;0;0;0m       [m
[48;2;0;0;0m   [38;2;0;1;3;48;2;0;0;1m▄[38;2;37;15;5;48;2;39;16;3m▄[38;2;36;18;4;48;2;39;18;4m▄[38;2;41;22;7;48;2;39;19;3m▄[38;2;39;22;6;48;2;40;23;8m▄[38;2;40;21;6;48;2;42;23;8m▄[38;2;118;75;40;48;2;119;76;42m▄[48;2;119;75;38m [38;2;119;75;38;48;2;120;76;37m▄[38;2;118;74;36;48;2;121;75;36m▄[38;2;123;78;37;48;2;122;75;37m▄[38;2;119;75;38;48;2;122;76;39m▄[38;2;116;74;35;48;2;118;76;36m▄[38;2;119;77;39;48;2;118;74;37m▄[38;2;118;75;40;48;2;117;73;35m▄[38;2;112;72;36;48;2;118;75;39m▄[38;2;37;21;9;48;2;46;21;6m▄[38;2;84;53;29;48;2;85;47;21m▄[38;2;114;73;43;48;2;118;75;41m▄[38;2;59;30;7;48;2;58;26;2m▄[38;2;43;20;5;48;2;36;14;4m▄[38;2;2;2;4;48;2;0;0;0m▄[48;2;0;0;0m     [m
[48;2;0;0;0m  [38;2;50;16;4;48;2;41;16;5m▄[38;2;72;41;20;48;2;48;22;5m▄[38;2;92;57;25;48;2;93;55;23m▄[38;2;91;56;24;48;2;91;60;24m▄[38;2;97;58;27;48;2;97;57;28m▄[38;2;118;80;44;48;2;115;73;39m▄[38;2;117;73;34;48;2;119;76;36m▄[38;2;120;76;39;48;2;121;77;38m▄[38;2;122;78;41;48;2;122;76;40m▄[38;2;123;79;40;48;2;120;76;37m▄[38;2;116;74;35;48;2;121;75;39m▄[38;2;148;101;57;48;2;147;102;53m▄[38;2;147;103;56;48;2;146;102;55m▄[38;2;148;104;55;48;2;146;105;55m▄[38;2;147;101;57;48;2;148;104;59m▄[38;2;118;74;37;48;2;123;79;42m▄[38;2;119;75;36;48;2;121;80;36m▄[38;2;120;76;39;48;2;122;78;46m▄[38;2;110;70;33;48;2;114;73;39m▄[38;2;96;57;24;48;2;104;61;29m▄[38;2;60;32;12;48;2;62;35;11m▄[38;2;44;22;5;48;2;46;23;1m▄[38;2;42;20;3;48;2;43;21;0m▄[38;2;37;20;5;48;2;33;12;1m▄[38;2;0;0;5;48;2;0;0;0m▄[38;2;3;0;0;48;2;0;0;0m▄[48;2;0;0;0m  [m
[48;2;0;0;0m  [38;2;18;14;15;48;2;0;0;0m▄[38;2;23;19;8;48;2;5;5;5m▄[38;2;47;18;4;48;2;48;20;8m▄[38;2;83;50;23;48;2;86;53;27m▄[38;2;118;74;37;48;2;118;75;38m▄[38;2;119;75;38;48;2;119;77;39m▄[38;2;121;79;40;48;2;119;75;36m▄[38;2;119;76;36;48;2;119;77;37m▄[38;2;121;79;39;48;2;123;79;40m▄[38;2;140;98;58;48;2;144;100;55m▄[38;2;145;102;59;48;2;148;101;57m▄[38;2;144;102;54;48;2;147;103;56m▄[38;2;148;104;57;48;2;147;103;56m▄[38;2;148;104;57;48;2;149;105;58m▄[38;2;149;107;59;48;2;151;104;58m▄[38;2;140;97;55;48;2;150;103;59m▄[38;2;136;95;51;48;2;144;103;59m▄[38;2;121;79;39;48;2;120;77;38m▄[38;2;121;77;38;48;2;122;78;39m▄[38;2;120;77;39;48;2;121;77;40m▄[38;2;115;75;39;48;2;104;64;30m▄[38;2;108;68;33;48;2;100;61;27m▄[38;2;93;58;28;48;2;112;71;39m▄[38;2;93;58;26;48;2;115;76;35m▄[38;2;56;43;34;48;2;31;11;2m▄[38;2;62;43;29;48;2;25;9;0m▄[38;2;1;0;0;48;2;0;0;0m▄[48;2;0;0;0m [m
[38;2;35;25;16;48;2;0;0;0m▄[38;2;34;28;13;48;2;0;0;0m▄[38;2;83;48;24;48;2;44;19;1m▄[38;2;89;56;24;48;2;54;26;11m▄[38;2;113;74;36;48;2;93;58;26m▄[38;2;117;75;35;48;2;106;66;30m▄[38;2;119;75;36;48;2;120;77;37m▄[38;2;117;75;35;48;2;119;75;36m▄[38;2;121;79;39;48;2;119;77;37m▄[38;2;121;79;39;48;2;120;78;38m▄[38;2;119;80;37;48;2;122;80;40m▄[38;2;121;79;37;48;2;121;79;39m▄[38;2;119;80;37;48;2;122;78;39m▄[38;2;131;87;47;48;2;145;103;55m▄[38;2;127;82;40;48;2;148;104;57m▄[38;2;126;83;39;48;2;150;103;57m▄[38;2;124;81;39;48;2;146;102;57m▄[38;2;119;80;39;48;2;122;80;40m▄[38;2;117;78;35;48;2;120;78;38m▄[38;2;121;79;39;48;2;120;78;38m▄[38;2;122;80;40;48;2;121;79;39m▄[38;2;121;79;39;48;2;119;77;37m▄[38;2;118;76;37;48;2;116;77;38m▄[38;2;118;76;36;48;2;115;77;38m▄[38;2;89;56;28;48;2;55;26;9m▄[38;2;80;51;18;48;2;39;17;4m▄[38;2;59;37;13;48;2;0;0;0m▄[38;2;49;31;8;48;2;0;0;0m▄[48;2;0;0;0m  [m
[38;2;105;67;33;48;2;40;21;13m▄[38;2;105;68;33;48;2;42;23;15m▄[38;2;45;24;9;48;2;95;55;20m▄[38;2;63;33;7;48;2;95;55;19m▄[38;2;117;73;34;48;2;118;74;33m▄[38;2;117;75;33;48;2;118;74;35m▄[38;2;119;73;36;48;2;119;75;36m▄[38;2;160;130;17;48;2;119;77;37m▄[38;2;170;133;18;48;2;123;81;43m▄[38;2;252;236;25;48;2;116;77;40m▄[38;2;253;237;22;48;2;117;77;41m▄[38;2;174;141;25;48;2;121;77;40m▄[38;2;173;139;15;48;2;120;81;38m▄[38;2;118;76;39;48;2;118;79;36m▄[38;2;119;77;34;48;2;120;76;37m▄[38;2;117;74;32;48;2;120;77;35m▄[38;2;114;73;27;48;2;121;76;39m▄[38;2;162;131;22;48;2;122;78;39m▄[38;2;151;126;2;48;2;121;79;41m▄[38;2;253;238;34;48;2;120;77;40m▄[38;2;233;213;20;48;2;119;77;39m▄[38;2;165;133;26;48;2;121;79;41m▄[38;2;122;86;24;48;2;119;77;37m▄[38;2;117;75;36;48;2;119;77;38m▄[38;2;118;74;39;48;2;100;61;28m▄[38;2;116;76;39;48;2;98;59;25m▄[38;2;116;73;34;48;2;38;19;0m▄[38;2;113;69;27;48;2;27;11;0m▄[38;2;29;13;1;48;2;0;0;0m▄[38;2;23;8;10;48;2;0;0;0m▄[m
[38;2;1;1;2;48;2;110;70;34m▄[38;2;0;0;2;48;2;113;68;33m▄[38;2;43;19;4;48;2;40;21;4m▄[38;2;50;25;4;48;2;53;27;5m▄[38;2;93;56;27;48;2;121;76;35m▄[38;2;110;72;36;48;2;116;76;34m▄[38;2;115;71;35;48;2;120;74;43m▄[38;2;247;234;28;48;2;164;131;17m▄[38;2;252;245;16;48;2;172;135;20m▄[38;2;24;27;105;48;2;250;245;7m▄[38;2;21;28;122;48;2;252;251;21m▄[38;2;246;248;15;48;2;175;141;21m▄[38;2;253;244;25;48;2;175;144;12m▄[38;2;117;72;42;48;2;118;72;36m▄[38;2;118;75;33;48;2;119;76;34m▄[38;2;119;78;36;48;2;122;78;38m▄[38;2;118;73;32;48;2;118;75;37m▄[38;2;252;243;26;48;2;174;144;20m▄[38;2;253;242;59;48;2;175;133;7m▄[38;2;18;26;122;48;2;251;248;17m▄[38;2;143;140;88;48;2;235;234;25m▄[38;2;252;241;23;48;2;175;140;16m▄[38;2;133;100;14;48;2;128;89;21m▄[38;2;114;72;34;48;2;118;74;36m▄[38;2;99;61;25;48;2;117;74;37m▄[38;2;93;57;25;48;2;116;73;34m▄[38;2;41;18;5;48;2;120;77;34m▄[38;2;36;10;7;48;2;118;75;30m▄[38;2;127;77;41;48;2;37;18;10m▄[38;2;120;70;34;48;2;27;9;0m▄[m
[38;2;29;11;1;48;2;0;0;0m▄[38;2;33;17;8;48;2;0;0;0m▄[38;2;110;76;41;48;2;35;18;2m▄[38;2;105;75;41;48;2;51;24;5m▄[38;2;75;45;17;48;2;93;61;27m▄[38;2;90;58;21;48;2;110;70;34m▄[38;2;97;62;25;48;2;111;70;32m▄[38;2;159;133;29;48;2;252;236;47m▄[38;2;167;137;17;48;2;252;248;23m▄[38;2;253;241;11;48;2;34;39;134m▄[38;2;253;244;20;48;2;19;31;121m▄[38;2;173;135;12;48;2;250;252;23m▄[38;2;179;144;22;48;2;252;249;20m▄[38;2;113;74;37;48;2;114;69;37m▄[38;2;118;76;34;48;2;116;75;33m▄[38;2;119;77;35;48;2;121;77;41m▄[38;2;114;75;32;48;2;117;72;32m▄[38;2;178;139;21;48;2;253;248;25m▄[38;2;178;140;6;48;2;251;248;67m▄[38;2;253;245;17;48;2;11;37;126m▄[38;2;235;220;10;48;2;163;152;118m▄[38;2;172;146;10;48;2;251;248;25m▄[38;2;100;72;10;48;2;134;104;18m▄[38;2;93;57;21;48;2;113;74;32m▄[38;2;76;45;16;48;2;96;61;27m▄[38;2;73;43;15;48;2;97;59;26m▄[38;2;41;21;4;48;2;43;17;3m▄[38;2;33;13;0;48;2;39;17;2m▄[38;2;0;0;0;48;2;115;75;40m▄[38;2;0;0;0;48;2;108;70;27m▄[m
[38;2;0;0;0;48;2;32;14;5m▄[38;2;0;0;0;48;2;40;17;7m▄[38;2;5;44;15;48;2;115;80;42m▄[38;2;0;59;6;48;2;110;79;41m▄[38;2;34;158;79;48;2;71;47;17m▄[38;2;31;159;76;48;2;86;57;20m▄[38;2;37;160;81;48;2;92;61;21m▄[38;2;33;156;72;48;2;168;139;39m▄[38;2;42;160;74;48;2;166;137;19m▄[38;2;100;57;20;48;2;249;240;18m▄[38;2;91;61;17;48;2;254;249;26m▄[38;2;118;80;33;48;2;176;137;21m▄[38;2;118;78;32;48;2;184;149;25m▄[38;2;97;58;24;48;2;113;71;36m▄[38;2;98;59;28;48;2;118;76;36m▄[38;2;99;58;30;48;2;119;80;40m▄[38;2;98;59;28;48;2;118;81;39m▄[38;2;115;76;35;48;2;178;142;19m▄[38;2;109;77;30;48;2;180;148;3m▄[38;2;93;58;22;48;2;253;245;19m▄[38;2;85;101;40;48;2;228;212;12m▄[38;2;35;153;82;48;2;174;152;16m▄[38;2;31;155;74;48;2;99;72;13m▄[38;2;30;157;79;48;2;91;61;23m▄[38;2;31;159;80;48;2;68;43;10m▄[38;2;34;163;81;48;2;67;40;11m▄[38;2;3;40;2;48;2;38;20;2m▄[38;2;0;41;1;48;2;32;15;1m▄[48;2;0;0;0m  [m
[38;2;2;47;12;48;2;3;1;0m▄[38;2;2;41;6;48;2;3;0;0m▄[38;2;35;162;76;48;2;5;42;9m▄[38;2;39;158;78;48;2;1;61;9m▄[38;2;11;116;56;48;2;28;160;76m▄[38;2;26;151;73;48;2;30;160;74m▄[38;2;29;154;76;48;2;34;155;78m▄[38;2;20;128;62;48;2;31;154;74m▄[38;2;14;116;51;48;2;38;156;77m▄[38;2;29;158;75;48;2;96;65;26m▄[38;2;37;156;77;48;2;88;61;17m▄[38;2;92;56;19;48;2;113;75;28m▄[38;2;93;57;25;48;2;114;76;30m▄[38;2;95;59;25;48;2;93;59;24m▄[48;2;96;60;26m [38;2;96;60;26;48;2;96;57;24m▄[38;2;96;60;26;48;2;94;58;24m▄[38;2;93;58;26;48;2;112;73;37m▄[38;2;77;69;19;48;2;106;72;29m▄[38;2;43;158;81;48;2;91;64;23m▄[38;2;37;149;71;48;2;60;107;41m▄[38;2;6;119;49;48;2;35;162;78m▄[38;2;28;157;78;48;2;29;157;74m▄[38;2;35;160;85;48;2;31;158;79m▄[38;2;10;120;52;48;2;26;154;75m▄[38;2;10;116;49;48;2;37;156;77m▄[38;2;43;155;82;48;2;0;34;0m▄[38;2;39;157;81;48;2;2;34;1m▄[38;2;1;46;9;48;2;1;2;4m▄[38;2;0;36;1;48;2;3;0;1m▄[m
[38;2;1;46;16;48;2;4;50;18m▄[38;2;5;46;10;48;2;6;46;14m▄[38;2;246;234;125;48;2;104;154;53m▄[38;2;229;225;135;48;2;96;154;54m▄[38;2;5;37;0;48;2;14;127;44m▄[38;2;111;145;94;48;2;77;125;66m▄[38;2;246;229;121;48;2;116;150;59m▄[38;2;93;64;7;48;2;69;107;42m▄[38;2;75;41;6;48;2;35;109;44m▄[38;2;250;228;129;48;2;85;136;39m▄[38;2;254;226;120;48;2;98;159;63m▄[38;2;71;32;17;48;2;78;48;12m▄[38;2;80;45;17;48;2;91;54;25m▄[38;2;92;55;26;48;2;92;57;25m▄[38;2;92;55;26;48;2;94;58;24m▄[38;2;78;44;17;48;2;90;53;24m▄[38;2;80;44;18;48;2;91;56;26m▄[38;2;94;57;23;48;2;90;54;20m▄[38;2;82;54;12;48;2;83;65;13m▄[38;2;254;223;124;48;2;111;150;55m▄[38;2;214;183;90;48;2;106;140;51m▄[38;2;79;40;1;48;2;47;97;38m▄[38;2;239;223;132;48;2;98;138;59m▄[38;2;251;227;136;48;2;108;153;60m▄[38;2;4;38;4;48;2;19;113;44m▄[38;2;1;39;1;48;2;27;121;46m▄[38;2;251;231;136;48;2;93;144;55m▄[38;2;253;225;131;48;2;84;151;60m▄[38;2;0;40;1;48;2;2;48;8m▄[38;2;3;45;6;48;2;0;41;0m▄[m
[38;2;0;0;0;48;2;27;31;27m▄[38;2;0;0;0;48;2;21;24;20m▄[38;2;1;35;3;48;2;86;91;17m▄[38;2;0;36;5;48;2;52;66;8m▄[38;2;0;0;0;48;2;26;35;21m▄[38;2;2;7;5;48;2;66;82;36m▄[38;2;10;46;14;48;2;108;101;13m▄[38;2;58;48;16;48;2;69;49;4m▄[38;2;76;46;16;48;2;75;44;13m▄[38;2;78;47;18;48;2;118;75;9m▄[38;2;75;44;15;48;2;120;80;7m▄[38;2;76;44;15;48;2;73;42;15m▄[38;2;77;43;15;48;2;79;45;18m▄[38;2;77;43;16;48;2;85;50;22m▄[38;2;78;44;17;48;2;86;51;21m▄[38;2;79;42;16;48;2;80;46;21m▄[38;2;78;42;16;48;2;80;46;21m▄[38;2;77;41;15;48;2;84;49;21m▄[38;2;76;42;14;48;2;90;48;6m▄[38;2;77;43;15;48;2;132;83;6m▄[38;2;75;44;15;48;2;102;75;4m▄[38;2;81;47;19;48;2;82;46;22m▄[38;2;19;51;15;48;2;76;81;10m▄[38;2;5;42;4;48;2;116;111;28m▄[38;2;2;0;1;48;2;0;1;1m▄[38;2;0;0;0;48;2;4;2;4m▄[38;2;2;40;2;48;2;73;93;8m▄[38;2;2;36;4;48;2;85;102;23m▄[38;2;0;0;0;48;2;23;32;30m▄[38;2;0;0;0;48;2;41;54;45m▄[m
[48;2;0;0;0m  [38;2;0;0;0;48;2;5;4;4m▄[38;2;9;9;11;48;2;6;7;6m▄[38;2;1;45;11;48;2;4;45;9m▄[38;2;17;91;35;48;2;14;89;32m▄[38;2;12;123;54;48;2;7;108;44m▄[38;2;31;32;11;48;2;27;33;9m▄[38;2;43;21;7;48;2;41;24;7m▄[38;2;39;20;3;48;2;41;25;6m▄[38;2;41;20;3;48;2;35;21;3m▄[38;2;77;41;15;48;2;75;42;14m▄[38;2;79;42;15;48;2;76;41;14m▄[38;2;80;43;16;48;2;78;43;16m▄[38;2;77;42;14;48;2;76;42;15m▄[38;2;79;44;16;48;2;79;45;18m▄[38;2;78;43;15;48;2;77;43;16m▄[38;2;79;43;17;48;2;77;43;16m▄[38;2;73;39;14;48;2;77;46;20m▄[38;2;46;22;8;48;2;45;21;3m▄[38;2;42;18;0;48;2;44;23;3m▄[38;2;42;19;1;48;2;43;24;6m▄[38;2;38;100;46;48;2;25;88;40m▄[38;2;16;118;53;48;2;12;110;53m▄[38;2;4;50;11;48;2;2;45;11m▄[38;2;2;41;6;48;2;2;47;1m▄[38;2;1;1;1;48;2;3;1;1m▄[48;2;0;0;0m   [m
[48;2;0;0;0m [38;2;0;0;1;48;2;0;0;0m▄[38;2;1;41;9;48;2;1;37;3m▄[38;2;1;47;2;48;2;1;51;9m▄[38;2;35;162;72;48;2;27;152;67m▄[38;2;19;135;58;48;2;21;141;66m▄[38;2;8;118;55;48;2;11;122;53m▄[38;2;10;120;51;48;2;9;121;56m▄[38;2;7;116;53;48;2;10;117;53m▄[38;2;22;148;61;48;2;26;163;66m▄[38;2;19;155;64;48;2;33;160;67m▄[38;2;35;15;12;48;2;32;10;5m▄[38;2;45;23;5;48;2;41;22;4m▄[38;2;42;22;2;48;2;43;22;3m▄[38;2;40;19;1;48;2;44;23;2m▄[38;2;39;17;0;48;2;45;24;2m▄[38;2;40;16;1;48;2;45;22;1m▄[38;2;46;21;4;48;2;42;21;7m▄[38;2;8;27;0;48;2;32;23;5m▄[38;2;34;159;78;48;2;36;158;70m▄[38;2;11;129;50;48;2;20;140;69m▄[38;2;10;120;51;48;2;7;122;54m▄[38;2;8;117;51;48;2;17;124;56m▄[38;2;5;117;54;48;2;12;118;52m▄[38;2;35;160;91;48;2;33;161;87m▄[38;2;36;157;86;48;2;40;160;89m▄[38;2;2;40;5;48;2;4;46;2m▄[38;2;0;39;5;48;2;1;41;1m▄[48;2;0;0;0m  [m
[38;2;0;38;12;48;2;0;37;6m▄[38;2;3;33;0;48;2;0;36;2m▄[38;2;238;221;134;48;2;244;216;126m▄[38;2;241;228;144;48;2;240;230;133m▄[38;2;4;43;10;48;2;1;33;2m▄[38;2;128;139;88;48;2;129;135;95m▄[38;2;237;220;129;48;2;250;220;129m▄[38;2;16;33;0;48;2;16;33;3m▄[38;2;2;39;8;48;2;2;43;9m▄[38;2;244;229;135;48;2;244;222;138m▄[38;2;241;226;133;48;2;245;222;129m▄[38;2;3;33;5;48;2;0;37;15m▄[38;2;2;38;3;48;2;4;47;1m▄[48;2;0;0;0m   [38;2;0;1;0;48;2;2;2;2m▄[38;2;2;37;7;48;2;3;42;7m▄[38;2;6;36;0;48;2;12;38;1m▄[38;2;238;225;126;48;2;241;227;127m▄[38;2;158;156;75;48;2;146;148;76m▄[38;2;0;40;6;48;2;0;40;2m▄[38;2;239;235;152;48;2;231;220;146m▄[38;2;246;226;135;48;2;252;224;133m▄[38;2;1;35;2;48;2;5;35;9m▄[38;2;1;39;2;48;2;0;38;1m▄[38;2;248;226;140;48;2;250;225;139m▄[38;2;247;224;146;48;2;248;219;133m▄[48;2;0;0;0m  [m
