[48;2;106;232;244m[38;2;0;231;255m▄[48;2;62;200;214m[38;2;0;226;255m▄[48;2;0;218;255m[38;2;0;217;255m▄[48;2;147;255;255m[38;2;73;237;255m▄[48;2;63;206;255m[38;2;31;177;250m▄[48;2;0;135;222m[38;2;0;192;255m▄[48;2;0;151;255m[38;2;0;195;255m▄[48;2;0;163;255m[38;2;0;159;255m▄[48;2;0;159;255m[38;2;0;72;148m▄[48;2;0;10;31m[38;2;0;39;66m▄[48;2;3;9;4m[38;2;0;0;3m▄[48;2;0;0;0m[38;2;0;0;0m▄▄[48;2;0;1;0m▄[48;2;0;4;12m[38;2;8;8;0m▄[48;2;0;51;91m[38;2;14;12;4m▄[48;2;0;10;33m[38;2;0;27;50m▄[48;2;0;70;141m[38;2;0;87;159m▄[48;2;0;66;122m[38;2;0;62;114m▄[48;2;0;25;39m[38;2;0;0;0m▄[48;2;0;0;0m▄▄[38;2;1;4;0m▄[38;2;42;15;0m▄[48;2;0;2;0m[38;2;0;0;0m▄[48;2;0;27;45m[38;2;0;22;32m▄[48;2;0;2;10m[38;2;0;12;24m▄[48;2;0;42;73m[38;2;0;20;33m▄[48;2;0;50;81m[38;2;0;4;8m▄[48;2;0;39;56m[38;2;0;0;0m▄[48;2;3;4;1m▄[48;2;0;0;0m[38;2;2;6;0m▄[48;2;1;4;4m[38;2;0;0;0m▄[48;2;0;14;30m[38;2;0;4;10m▄[48;2;0;114;212m[38;2;0;46;110m▄[48;2;0;120;222m[38;2;0;88;175m▄[48;2;0;98;210m[38;2;0;140;255m▄[48;2;0;56;138m[38;2;0;153;255m▄[48;2;0;129;242m[38;2;0;145;255m▄[48;2;0;94;172m[38;2;0;105;183m▄[0m
[48;2;0;196;255m[38;2;0;163;240m▄[48;2;0;189;255m[38;2;0;163;232m▄[48;2;0;194;255m[38;2;38;210;255m▄[48;2;32;219;255m[38;2;30;212;255m▄[48;2;8;196;255m[38;2;0;111;189m▄[48;2;0;136;235m[38;2;0;172;255m▄[48;2;0;165;255m[38;2;0;152;255m▄[48;2;0;105;216m[38;2;0;85;175m▄[48;2;0;97;177m[38;2;0;80;142m▄[48;2;0;9;26m[38;2;0;0;0m▄[48;2;0;0;0m[38;2;0;2;0m▄[38;2;12;9;2m▄[48;2;0;1;1m[38;2;15;12;2m▄[48;2;0;22;44m[38;2;26;9;3m▄[48;2;0;3;3m[38;2;1;13;0m▄[48;2;40;24;15m[38;2;0;0;0m▄[48;2;72;22;14m[38;2;68;30;20m▄[48;2;31;12;10m[38;2;108;32;21m▄[48;2;0;32;44m[38;2;98;21;19m▄[48;2;0;12;0m[38;2;96;22;18m▄[48;2;26;14;8m[38;2;116;31;24m▄[48;2;72;18;14m[38;2;164;72;33m▄[48;2;118;33;24m[38;2;157;67;36m▄[48;2;105;50;14m[38;2;0;1;0m▄[48;2;0;36;67m[38;2;26;16;1m▄[48;2;0;51;80m[38;2;68;20;18m▄[48;2;0;0;0m[38;2;79;20;8m▄[48;2;2;12;0m[38;2;76;16;16m▄[48;2;3;3;0m[38;2;46;15;12m▄[48;2;0;0;0m[38;2;18;10;2m▄[38;2;4;4;0m▄[38;2;0;0;0m▄[48;2;0;1;3m▄[48;2;0;49;94m[38;2;0;0;4m▄[48;2;0;78;164m[38;2;0;91;158m▄[48;2;0;61;145m[38;2;0;123;229m▄[48;2;0;103;195m[38;2;0;123;235m▄[48;2;0;124;235m[38;2;0;156;255m▄[48;2;0;142;254m[38;2;0;50;121m▄[48;2;0;117;207m[38;2;0;73;141m▄[0m
[48;2;0;112;195m[38;2;0;206;255m▄[48;2;0;156;230m[38;2;0;192;255m▄[48;2;0;184;255m[38;2;0;195;255m▄[48;2;0;162;244m[38;2;0;174;255m▄[48;2;0;82;175m[38;2;0;76;165m▄[48;2;0;162;255m[38;2;0;99;196m▄[48;2;0;141;255m[38;2;0;22;64m▄[48;2;0;22;57m[38;2;0;1;0m▄[48;2;0;0;0m▄[48;2;0;2;0m[38;2;0;0;0m▄[48;2;1;4;0m▄[48;2;16;7;2m▄[48;2;42;16;4m[38;2;54;15;15m▄[48;2;90;21;21m[38;2;128;37;31m▄[48;2;115;38;31m[38;2;163;68;36m▄[48;2;104;28;25m[38;2;166;76;38m▄[48;2;72;27;16m[38;2;177;84;36m▄[48;2;139;56;34m[38;2;182;79;38m▄[48;2;168;78;37m[38;2;189;91;31m▄[48;2;175;85;39m[38;2;189;94;36m▄[48;2;184;96;48m[38;2;194;98;37m▄[48;2;192;97;36m[38;2;189;98;36m▄[48;2;165;66;33m[38;2;184;94;37m▄[48;2;140;50;34m[38;2;174;87;39m▄[48;2;133;46;15m[38;2;172;82;40m▄[48;2;141;51;22m[38;2;172;86;31m▄[48;2;144;54;26m[38;2;176;84;39m▄[48;2;127;40;21m[38;2;164;64;32m▄[48;2;94;26;16m[38;2;133;39;30m▄[48;2;93;21;18m[38;2;97;21;8m▄[48;2;43;24;6m[38;2;32;13;9m▄[48;2;0;7;0m[38;2;12;12;0m▄[48;2;1;0;0m[38;2;1;3;0m▄[48;2;0;10;16m[38;2;0;1;0m▄[48;2;0;40;79m[38;2;0;8;12m▄[48;2;0;14;40m[38;2;0;135;244m▄[48;2;0;84;144m[38;2;0;55;127m▄[48;2;0;50;92m[38;2;0;22;55m▄[48;2;0;18;34m[38;2;0;18;46m▄[48;2;0;0;4m[38;2;0;1;14m▄[0m
[48;2;0;163;255m[38;2;0;130;247m▄[48;2;0;176;255m[38;2;0;156;255m▄[48;2;0;171;255m[38;2;0;159;255m▄[48;2;0;158;255m[38;2;0;163;255m▄[48;2;0;178;255m[38;2;0;115;150m▄[48;2;0;27;74m[38;2;0;0;0m▄[48;2;0;0;0m▄▄[38;2;26;14;14m▄[38;2;88;18;20m▄[48;2;50;12;14m[38;2;126;39;36m▄[48;2;102;24;27m[38;2;156;56;39m▄[48;2;148;50;40m[38;2;168;62;30m▄[48;2;170;72;40m[38;2;174;86;32m▄[48;2;170;80;39m[38;2;184;91;39m▄[48;2;181;85;31m[38;2;183;96;38m▄[48;2;178;86;33m[38;2;184;98;34m▄[48;2;180;87;38m[38;2;188;99;34m▄[48;2;178;94;46m[38;2;188;99;31m▄[48;2;189;94;36m[38;2;198;104;27m▄[48;2;189;94;37m[38;2;190;104;31m▄[48;2;190;91;31m[38;2;186;99;31m▄[48;2;186;93;36m[38;2;192;99;28m▄[48;2;190;96;37m[38;2;193;102;24m▄[48;2;190;99;37m[38;2;189;93;26m▄[48;2;186;93;38m[38;2;183;93;30m▄[48;2;177;86;37m[38;2;175;87;31m▄[48;2;165;75;33m[38;2;172;82;25m▄[48;2;158;62;33m[38;2;165;75;30m▄[48;2;129;43;32m[38;2;157;61;32m▄[48;2;60;9;6m[38;2;122;37;27m▄[48;2;0;3;0m[38;2;38;15;4m▄[48;2;0;30;50m[38;2;0;4;0m▄[48;2;0;45;98m[38;2;0;38;48m▄[48;2;0;94;169m[38;2;0;97;168m▄[48;2;0;26;49m[38;2;0;157;255m▄[48;2;0;18;66m[38;2;0;27;78m▄[48;2;0;15;46m[38;2;0;45;121m▄[48;2;0;45;85m[38;2;0;21;52m▄[48;2;0;31;62m[38;2;0;15;37m▄[0m
[48;2;0;116;218m[38;2;0;54;127m▄[48;2;0;88;172m[38;2;0;52;108m▄[48;2;0;126;212m[38;2;0;42;102m▄[48;2;0;129;223m[38;2;0;110;192m▄[48;2;0;0;30m[38;2;0;94;156m▄[48;2;0;4;16m[38;2;0;0;0m▄[48;2;0;1;6m[38;2;4;7;0m▄[48;2;16;10;2m[38;2;46;12;13m▄[48;2;72;16;24m[38;2;108;21;28m▄[48;2;123;36;37m[38;2;135;36;33m▄[48;2;140;51;36m[38;2;150;51;34m▄[48;2;154;60;33m[38;2;171;72;44m▄[48;2;170;78;37m[38;2;182;78;26m▄[48;2;182;85;31m[38;2;184;93;16m▄[48;2;184;98;31m[38;2;192;98;18m▄[48;2;195;103;25m[38;2;201;111;21m▄[48;2;199;103;31m[38;2;206;114;18m▄[48;2;199;108;27m[38;2;206;120;24m▄[48;2;202;112;26m[38;2;207;121;15m▄[48;2;199;112;24m[38;2;213;127;15m▄[48;2;201;110;32m[38;2;211;117;18m▄[48;2;201;114;25m[38;2;206;122;21m▄[48;2;192;108;27m[38;2;208;122;14m▄[48;2;202;106;20m[38;2;210;122;14m▄[48;2;196;100;13m[38;2;206;114;10m▄[48;2;186;96;25m[38;2;198;112;22m▄[48;2;186;92;26m[38;2;192;99;22m▄[48;2;180;85;24m[38;2;176;90;25m▄[48;2;163;70;28m[38;2;166;74;25m▄[48;2;147;54;31m[38;2;150;50;38m▄[48;2;124;42;22m[38;2;123;28;25m▄[48;2;96;27;19m[38;2;70;20;20m▄[48;2;52;16;16m[38;2;27;12;0m▄[48;2;6;6;0m[38;2;18;12;0m▄[48;2;0;9;16m[38;2;8;10;0m▄[48;2;0;111;188m[38;2;0;0;0m▄[48;2;0;36;93m[38;2;0;8;39m▄[48;2;0;110;204m[38;2;0;56;102m▄[48;2;0;36;82m[38;2;0;0;8m▄[48;2;0;18;64m[38;2;0;24;62m▄[0m
[48;2;0;26;81m[38;2;0;57;104m▄[48;2;0;31;84m[38;2;0;24;58m▄[48;2;0;19;60m[38;2;0;20;50m▄[48;2;0;38;81m[38;2;0;0;0m▄[48;2;0;0;0m▄▄[48;2;7;7;1m▄[48;2;25;7;6m[38;2;4;6;0m▄[48;2;61;13;4m[38;2;78;13;16m▄[48;2;129;34;33m[38;2;121;24;25m▄[48;2;147;42;37m[38;2;146;43;33m▄[48;2;166;73;32m[38;2;162;64;36m▄[48;2;176;86;25m[38;2;172;87;28m▄[48;2;186;96;21m[38;2;188;98;24m▄[48;2;201;111;19m[38;2;195;105;20m▄[48;2;207;117;18m[38;2;196;105;16m▄[48;2;213;118;9m[38;2;198;103;20m▄[48;2;207;116;9m[38;2;196;106;21m▄[48;2;211;120;14m[38;2;194;109;21m▄[48;2;206;117;14m[38;2;192;106;20m▄[48;2;207;117;21m[38;2;195;105;19m▄[48;2;214;117;12m[38;2;190;108;20m▄[48;2;208;115;9m[38;2;194;108;21m▄[48;2;213;123;6m[38;2;192;104;21m▄[48;2;205;118;14m[38;2;193;103;16m▄[48;2;201;112;13m[38;2;194;104;18m▄[48;2;199;108;16m[38;2;194;103;22m▄[48;2;180;96;20m[38;2;186;97;22m▄[48;2;170;84;28m[38;2;175;88;28m▄[48;2;166;58;32m[38;2;166;74;26m▄[48;2;127;38;31m[38;2;144;48;28m▄[48;2;86;19;16m[38;2;102;22;15m▄[48;2;15;12;0m[38;2;45;7;7m▄[48;2;0;0;0m[38;2;0;2;0m▄[38;2;0;0;0m▄[48;2;0;2;0m[38;2;0;6;0m▄[48;2;0;0;0m[38;2;0;10;0m▄[48;2;0;9;42m[38;2;0;43;98m▄[48;2;0;14;43m[38;2;0;128;236m▄[48;2;0;33;75m[38;2;0;111;192m▄[0m
[48;2;0;6;12m[38;2;0;30;79m▄[48;2;0;0;3m[38;2;0;37;93m▄[48;2;0;0;0m[38;2;0;0;0m▄▄▄▄[48;2;1;1;0m[38;2;3;6;0m▄[48;2;20;16;0m[38;2;26;10;2m▄[48;2;80;19;21m[38;2;80;19;19m▄[48;2;122;26;32m[38;2;134;34;32m▄[48;2;147;54;39m[38;2;164;60;37m▄[48;2;166;70;32m[38;2;171;72;27m▄[48;2;178;84;28m[38;2;177;81;27m▄[48;2;184;96;24m[38;2;182;82;26m▄[48;2;190;98;25m[38;2;184;82;30m▄[48;2;182;96;19m[38;2;176;85;21m▄[48;2;190;98;28m[38;2;175;88;25m▄[48;2;186;93;24m[38;2;182;78;20m▄[48;2;182;93;22m[38;2;178;84;22m▄[48;2;188;97;19m[38;2;177;86;24m▄[48;2;188;99;27m[38;2;177;88;25m▄[48;2;193;97;25m[38;2;176;84;28m▄[48;2;186;92;25m[38;2;180;85;24m▄[48;2;184;97;15m[38;2;172;85;27m▄[48;2;188;92;19m[38;2;174;87;22m▄[48;2;180;97;16m[38;2;177;82;24m▄[48;2;181;94;19m[38;2;177;87;24m▄[48;2;175;86;12m[38;2;169;82;22m▄[48;2;175;90;25m[38;2;166;79;25m▄[48;2;165;74;25m[38;2;164;72;30m▄[48;2;152;51;32m[38;2;157;57;32m▄[48;2;127;40;31m[38;2;141;45;30m▄[48;2;81;12;18m[38;2;105;19;19m▄[48;2;19;7;3m[38;2;50;9;12m▄[48;2;0;0;0m[38;2;2;6;0m▄[38;2;0;0;0m▄[38;2;0;6;13m▄[38;2;0;0;0m▄[48;2;0;147;255m[38;2;0;75;132m▄[48;2;0;142;255m[38;2;0;102;219m▄[0m
[48;2;0;63;163m[38;2;0;105;189m▄[48;2;0;58;126m[38;2;1;12;8m▄[48;2;0;0;0m[38;2;0;0;0m▄▄▄▄[48;2;0;4;0m▄[48;2;0;0;0m[38;2;15;12;6m▄[48;2;92;15;27m[38;2;96;21;25m▄[48;2;145;43;34m[38;2;138;39;30m▄[48;2;162;64;43m[38;2;158;56;36m▄[48;2;163;74;32m[38;2;165;66;38m▄[48;2;171;73;30m[38;2;133;72;31m▄[48;2;146;79;34m[38;2;255;250;82m▄[48;2;122;78;0m[38;2;134;70;151m▄[48;2;157;106;0m[38;2;67;57;182m▄[48;2;102;63;15m[38;2;141;88;1m▄[48;2;174;73;27m[38;2;112;26;0m▄[48;2;172;74;32m[38;2;159;60;32m▄[48;2;168;72;33m[38;2;164;63;30m▄[48;2;172;76;32m[38;2;168;68;40m▄[48;2;170;74;27m[38;2;140;69;34m▄[48;2;164;74;28m[38;2;255;252;115m▄[48;2;106;74;27m[38;2;69;40;68m▄[48;2;104;63;15m[38;2;48;36;87m▄[48;2;154;75;30m[38;2;255;198;0m▄[48;2;166;68;32m[38;2;94;50;10m▄[48;2;169;76;27m[38;2;162;63;31m▄[48;2;168;69;31m[38;2;164;64;28m▄[48;2;163;69;28m[38;2;169;67;32m▄[48;2;156;64;30m[38;2;157;55;28m▄[48;2;128;34;20m[38;2;121;30;36m▄[48;2;103;16;27m[38;2;93;21;18m▄[48;2;55;14;13m[38;2;57;13;16m▄[48;2;10;7;3m[38;2;16;9;0m▄[48;2;0;0;0m[38;2;0;0;0m▄▄[48;2;0;34;73m[38;2;0;73;122m▄[48;2;0;0;0m[38;2;0;12;57m▄[48;2;0;54;142m[38;2;0;31;104m▄[0m
[48;2;0;190;255m[38;2;0;63;104m▄[48;2;0;0;0m[38;2;2;127;176m▄[48;2;1;39;45m[38;2;0;0;0m▄[48;2;0;0;0m▄▄▄▄[48;2;14;10;3m[38;2;6;6;0m▄[48;2;92;21;25m[38;2;88;15;26m▄[48;2;142;38;44m[38;2;129;33;39m▄[48;2;152;51;45m[38;2;147;42;40m▄[48;2;158;57;34m[38;2;139;46;33m▄[48;2;255;217;84m[38;2;255;207;39m▄[48;2;151;94;194m[38;2;255;166;2m▄[48;2;79;62;198m[38;2;152;98;30m▄[48;2;0;40;194m[38;2;0;44;194m▄[48;2;0;44;189m[38;2;0;25;148m▄[48;2;255;79;16m[38;2;109;3;3m▄[48;2;134;57;25m[38;2;105;38;22m▄[48;2;162;62;34m[38;2;156;46;37m▄[48;2;156;56;39m[38;2;148;50;37m▄[48;2;255;246;175m[38;2;255;214;40m▄[48;2;146;79;190m[38;2;255;182;0m▄[48;2;90;55;189m[38;2;165;92;13m▄[48;2;0;46;187m[38;2;0;37;181m▄[48;2;0;7;58m[38;2;0;0;0m▄[48;2;255;48;3m[38;2;160;10;1m▄[48;2;145;58;37m[38;2;118;42;28m▄[48;2;162;57;34m[38;2;153;51;38m▄[48;2;164;57;36m[38;2;150;48;39m▄[48;2;148;49;37m[38;2;132;37;30m▄[48;2;127;31;28m[38;2;122;32;32m▄[48;2;98;14;21m[38;2;103;20;16m▄[48;2;68;8;14m[38;2;70;15;9m▄[48;2;19;9;6m[38;2;22;9;0m▄[48;2;2;6;0m[38;2;4;2;0m▄[48;2;0;0;0m[38;2;0;0;0m▄▄[48;2;0;40;97m[38;2;0;44;93m▄[48;2;0;84;160m[38;2;0;50;109m▄[0m
[48;2;0;84;122m[38;2;0;159;238m▄[48;2;0;198;255m[38;2;0;70;103m▄[48;2;0;0;0m[38;2;0;0;0m▄▄▄▄▄[38;2;14;10;4m▄[48;2;78;10;20m[38;2;81;14;24m▄[48;2;114;26;31m[38;2;102;19;26m▄[48;2;136;31;40m[38;2;117;27;39m▄[48;2;140;42;38m[38;2;124;31;38m▄[48;2;182;80;0m[38;2;110;27;27m▄[48;2;38;9;0m[38;2;255;72;10m▄[48;2;0;6;87m[38;2;55;0;0m▄[48;2;0;1;42m[38;2;7;0;0m▄[48;2;1;3;7m[38;2;255;37;9m▄[48;2;255;48;3m[38;2;46;0;0m▄[48;2;124;36;28m[38;2;132;27;33m▄[48;2;141;38;32m[38;2;130;31;34m▄[48;2;141;37;37m[38;2;133;26;36m▄[48;2;255;151;27m[38;2;120;30;24m▄[48;2;102;40;25m[38;2;255;52;12m▄[48;2;0;25;134m[38;2;16;1;36m▄[48;2;0;0;4m[38;2;0;0;0m▄[48;2;0;0;0m[38;2;243;25;9m▄[48;2;255;22;13m[38;2;72;8;0m▄[48;2;130;39;31m[38;2;127;30;37m▄[48;2;134;36;33m[38;2;121;30;32m▄[48;2;138;32;28m[38;2;123;30;33m▄[48;2;126;30;27m[38;2;112;22;34m▄[48;2;112;25;26m[38;2;93;20;26m▄[48;2;85;14;20m[38;2;57;6;19m▄[48;2;61;15;15m[38;2;13;10;1m▄[48;2;19;9;6m[38;2;4;7;0m▄[48;2;0;2;0m[38;2;0;0;0m▄[48;2;0;0;0m▄▄[48;2;0;9;27m▄[48;2;0;54;123m[38;2;0;22;63m▄[0m
[48;2;0;129;218m[38;2;0;120;202m▄[48;2;0;0;0m[38;2;0;0;0m▄▄▄▄▄[38;2;0;145;51m▄[48;2;0;6;0m[38;2;0;135;45m▄[38;2;0;130;49m▄[48;2;45;25;10m[38;2;0;132;50m▄[48;2;105;19;33m[38;2;0;48;15m▄[48;2;112;19;33m[38;2;82;19;21m▄[48;2;123;21;33m[38;2;99;16;26m▄[48;2;116;20;31m[38;2;100;16;26m▄[48;2;78;16;3m[38;2;104;15;27m▄[48;2;66;7;0m[38;2;102;18;25m▄[48;2;103;16;13m[38;2;104;21;28m▄[48;2;121;20;18m[38;2;97;19;16m▄[48;2;120;25;25m[38;2;99;13;19m▄[48;2;117;24;27m[38;2;102;22;28m▄[48;2;124;27;27m[38;2;105;15;32m▄[48;2;121;24;25m[38;2;97;13;16m▄[48;2;104;16;20m[38;2;104;16;20m▄[48;2;81;1;0m[38;2;108;16;19m▄[48;2;117;2;0m[38;2;98;14;20m▄[48;2;102;20;20m[38;2;98;18;24m▄[48;2;118;26;28m[38;2;98;16;21m▄[48;2;115;22;32m[38;2;86;18;13m▄[48;2;103;25;28m[38;2;57;16;19m▄[48;2;87;13;24m[38;2;0;8;0m▄[48;2;43;15;15m[38;2;0;91;18m▄[48;2;0;9;0m[38;2;0;103;24m▄[48;2;0;55;0m[38;2;0;138;42m▄[48;2;1;2;0m[38;2;0;169;60m▄[48;2;0;2;0m[38;2;0;176;52m▄[48;2;0;0;0m[38;2;0;9;0m▄[38;2;0;0;0m▄▄▄[48;2;0;34;75m[38;2;0;13;28m▄[0m
[48;2;0;98;184m[38;2;0;55;140m▄[48;2;0;0;0m[38;2;0;0;7m▄[38;2;0;0;0m▄[38;2;0;1;0m▄[48;2;0;1;0m[38;2;117;210;52m▄[48;2;39;193;55m[38;2;27;188;44m▄[48;2;0;182;51m[38;2;0;170;60m▄[48;2;0;184;54m[38;2;0;184;50m▄[48;2;0;180;60m[38;2;0;182;46m▄[48;2;0;166;58m[38;2;0;182;51m▄[48;2;0;106;34m[38;2;0;138;43m▄[48;2;0;21;0m[38;2;0;27;0m▄[48;2;76;12;9m[38;2;49;9;19m▄[48;2;85;14;21m[38;2;62;12;18m▄[48;2;88;12;19m[38;2;66;12;14m▄[48;2;91;10;24m[38;2;64;13;12m▄[48;2;88;14;24m[38;2;69;9;18m▄[48;2;84;14;27m[38;2;68;10;19m▄[48;2;86;13;20m[38;2;72;14;10m▄[48;2;92;16;10m[38;2;70;10;13m▄[48;2;92;14;18m[38;2;75;8;18m▄[48;2;87;18;20m[38;2;58;14;10m▄[48;2;84;14;20m[38;2;64;10;16m▄[48;2;84;10;13m[38;2;64;10;7m▄[48;2;90;15;19m[38;2;63;19;9m▄[48;2;88;15;25m[38;2;62;12;12m▄[48;2;80;13;18m[38;2;44;14;2m▄[48;2;45;16;4m[38;2;18;10;2m▄[48;2;10;13;1m[38;2;0;0;0m▄[48;2;0;82;22m[38;2;0;69;9m▄[48;2;0;135;43m[38;2;0;150;49m▄[48;2;0;156;57m[38;2;0;178;61m▄[48;2;0;176;58m[38;2;0;181;48m▄[48;2;0;181;52m[38;2;0;139;37m▄[48;2;56;194;39m[38;2;20;183;42m▄[48;2;67;188;32m[38;2;74;196;33m▄[48;2;0;1;0m[38;2;0;13;0m▄[48;2;0;38;57m[38;2;0;7;14m▄[48;2;0;0;0m[38;2;0;0;0m▄[48;2;0;9;16m▄[0m
[48;2;0;87;171m[38;2;0;44;127m▄[48;2;0;19;33m[38;2;0;50;102m▄[48;2;0;0;0m[38;2;0;0;0m▄[48;2;0;57;0m[38;2;255;230;78m▄[48;2;0;60;0m[38;2;255;146;0m▄[48;2;0;46;0m[38;2;0;52;14m▄[48;2;39;190;52m[38;2;57;66;0m▄[48;2;1;183;49m[38;2;0;64;0m▄[48;2;0;127;30m[38;2;0;86;25m▄[48;2;0;184;57m[38;2;0;103;22m▄[48;2;0;141;42m[38;2;0;91;25m▄[48;2;0;50;4m[38;2;0;0;0m▄[48;2;16;12;7m▄[48;2;25;7;7m[38;2;4;7;0m▄[48;2;32;9;7m[38;2;10;10;3m▄[48;2;38;7;10m[38;2;7;4;0m▄[48;2;33;7;4m[38;2;10;8;0m▄[48;2;37;8;7m[38;2;3;6;0m▄[48;2;34;12;6m[38;2;10;7;0m▄[48;2;42;10;14m[38;2;15;6;2m▄[48;2;34;12;2m[38;2;13;8;3m▄[48;2;34;9;7m[38;2;10;4;0m▄[48;2;37;9;9m[38;2;10;10;0m▄[48;2;37;12;6m[38;2;7;9;0m▄[48;2;32;8;8m▄[48;2;25;15;3m[38;2;2;6;0m▄[48;2;8;10;1m[38;2;2;2;0m▄[48;2;0;9;0m[38;2;0;0;0m▄[48;2;0;0;0m▄[48;2;0;48;0m[38;2;0;15;0m▄[48;2;0;156;44m[38;2;0;52;0m▄[48;2;0;61;7m[38;2;0;127;40m▄[48;2;14;183;49m[38;2;0;130;37m▄[48;2;19;182;40m[38;2;0;120;32m▄[48;2;0;54;2m[38;2;0;152;62m▄[48;2;96;205;64m[38;2;1;74;10m▄[48;2;4;178;40m[38;2;255;184;6m▄[48;2;0;0;0m[38;2;0;0;0m▄▄▄[0m
[48;2;0;151;255m[38;2;0;139;244m▄[48;2;0;126;222m[38;2;0;139;238m▄[48;2;0;84;147m[38;2;0;84;129m▄[48;2;255;199;44m[38;2;123;2;0m▄[48;2;210;43;27m[38;2;0;0;0m▄[48;2;0;2;0m[38;2;0;2;0m▄[48;2;255;204;80m[38;2;255;142;33m▄[48;2;255;58;1m[38;2;25;0;0m▄[48;2;30;63;2m[38;2;24;8;0m▄[48;2;255;138;4m[38;2;255;129;33m▄[48;2;135;64;1m[38;2;7;0;0m▄[48;2;0;0;0m[38;2;3;10;1m▄[38;2;0;0;0m▄▄[48;2;4;6;2m▄[48;2;0;3;0m[38;2;2;2;0m▄[48;2;1;4;0m[38;2;0;1;0m▄[48;2;1;1;0m[38;2;0;0;0m▄▄[48;2;0;3;0m▄[48;2;0;0;0m▄[48;2;0;4;0m▄[48;2;0;7;0m[38;2;0;1;0m▄[48;2;0;0;0m[38;2;0;0;0m▄[48;2;0;1;0m▄[48;2;0;0;0m▄[48;2;0;1;0m▄[48;2;0;0;0m▄▄[48;2;0;22;0m▄[48;2;255;200;0m[38;2;255;121;0m▄[48;2;159;150;20m[38;2;152;114;21m▄[48;2;0;46;8m[38;2;0;0;0m▄[48;2;255;154;0m[38;2;186;15;0m▄[48;2;255;219;51m[38;2;255;216;104m▄[48;2;44;7;0m[38;2;0;0;0m▄[48;2;255;122;7m[38;2;124;4;0m▄[48;2;32;21;0m[38;2;69;54;33m▄[48;2;0;0;0m[38;2;0;30;45m▄[48;2;0;0;1m[38;2;0;25;56m▄[0m
[48;2;0;84;156m[38;2;0;32;73m▄[48;2;0;81;145m[38;2;0;13;32m▄[48;2;0;32;54m[38;2;0;8;20m▄[48;2;0;26;40m[38;2;0;16;30m▄[48;2;0;0;0m[38;2;0;0;0m▄▄[48;2;103;16;0m▄[48;2;0;0;0m▄[48;2;0;4;0m▄[48;2;210;91;27m[38;2;21;6;0m▄[48;2;0;0;0m[38;2;0;0;0m▄▄▄▄▄▄▄▄▄▄▄▄▄▄▄▄▄▄▄▄[48;2;255;49;0m[38;2;67;9;0m▄[48;2;0;10;0m[38;2;0;0;0m▄[48;2;0;1;0m▄[48;2;80;0;0m▄[48;2;255;182;92m[38;2;20;1;0m▄[48;2;0;0;0m[38;2;0;0;0m▄[38;2;0;1;8m▄[48;2;19;0;0m[38;2;0;38;73m▄[48;2;0;9;28m[38;2;0;9;34m▄[48;2;0;14;39m[38;2;0;16;55m▄[0m
[48;2;0;20;51m[38;2;0;8;21m▄[48;2;0;14;21m[38;2;0;6;18m▄[48;2;0;8;19m[38;2;0;9;15m▄[48;2;0;8;16m[38;2;0;1;3m▄[48;2;0;0;0m[38;2;0;0;0m▄▄[38;2;0;1;10m▄[38;2;0;28;57m▄[48;2;0;0;4m[38;2;0;91;158m▄[48;2;0;0;0m[38;2;0;0;0m▄▄▄▄▄▄▄▄▄▄▄▄▄▄▄▄▄▄▄▄▄▄▄▄▄[38;2;0;4;12m▄[38;2;0;72;115m▄[48;2;0;3;18m[38;2;0;13;49m▄[48;2;0;18;50m[38;2;0;30;87m▄[48;2;0;8;32m[38;2;0;100;192m▄[48;2;0;52;117m[38;2;0;76;159m▄[0m
[48;2;0;27;68m[38;2;0;9;28m▄[48;2;0;24;51m[38;2;0;2;2m▄[48;2;0;7;14m[38;2;0;1;4m▄[48;2;0;20;37m[38;2;0;0;0m▄[48;2;0;6;18m▄[48;2;0;0;0m▄[38;2;0;8;20m▄[48;2;0;20;30m[38;2;0;39;66m▄[48;2;0;0;3m[38;2;0;0;1m▄[48;2;0;0;2m[38;2;0;0;0m▄[48;2;0;0;0m▄▄▄▄▄▄▄▄▄▄▄▄▄▄▄▄▄▄▄▄[48;2;0;15;48m[38;2;0;32;112m▄[48;2;0;0;0m[38;2;0;0;0m▄[38;2;0;2;6m▄[38;2;0;0;0m▄[48;2;0;0;3m▄[48;2;0;8;31m[38;2;0;3;9m▄[48;2;0;67;121m[38;2;0;42;87m▄[48;2;0;75;158m[38;2;0;159;255m▄[48;2;0;153;255m▄[48;2;0;138;250m[38;2;0;150;255m▄[0m
[48;2;0;14;45m[38;2;0;10;43m▄[48;2;0;12;37m[38;2;0;36;68m▄[48;2;0;19;39m[38;2;0;28;55m▄[48;2;0;8;21m[38;2;0;0;0m▄[48;2;0;0;0m▄▄▄▄▄[38;2;0;12;16m▄[38;2;255;192;0m▄[38;2;0;39;0m▄[38;2;2;163;44m▄[48;2;0;7;0m[38;2;0;0;0m▄[48;2;0;3;0m[38;2;0;20;0m▄[48;2;0;0;0m[38;2;0;0;0m▄▄▄▄▄[38;2;0;28;75m▄[38;2;0;0;0m▄▄▄[38;2;0;3;0m▄[38;2;0;150;50m▄[38;2;0;94;24m▄[38;2;0;97;10m▄[48;2;0;136;198m[38;2;0;138;40m▄[48;2;0;174;255m[38;2;0;115;46m▄[48;2;0;72;162m[38;2;0;120;210m▄[48;2;0;19;54m[38;2;0;39;104m▄[48;2;0;20;43m[38;2;0;28;70m▄[48;2;0;0;0m[38;2;0;0;3m▄[38;2;0;0;0m▄[48;2;0;9;18m[38;2;0;0;1m▄[48;2;0;70;130m[38;2;0;50;109m▄[48;2;0;147;255m[38;2;0;135;242m▄[48;2;0;60;157m[38;2;0;111;213m▄[48;2;0;88;168m[38;2;0;58;142m▄[0m
[48;2;0;64;117m[38;2;0;127;223m▄[48;2;0;24;37m[38;2;0;67;116m▄[48;2;0;0;0m[38;2;0;13;16m▄[38;2;0;0;0m▄▄[48;2;0;0;3m▄[48;2;0;0;0m▄▄[38;2;0;24;33m▄[48;2;255;230;111m[38;2;66;22;0m▄[48;2;255;100;12m[38;2;19;40;38m▄[48;2;255;199;4m[38;2;186;58;0m▄[48;2;255;205;14m[38;2;0;0;0m▄[48;2;0;70;13m[38;2;255;234;109m▄[48;2;34;112;6m[38;2;255;93;0m▄[48;2;0;121;24m[38;2;0;15;0m▄[48;2;0;26;0m[38;2;0;0;0m▄[48;2;0;0;0m[38;2;0;56;129m▄[38;2;0;0;0m▄[38;2;0;8;21m▄[48;2;0;4;15m[38;2;0;0;0m▄[48;2;0;0;0m[38;2;0;18;36m▄[38;2;0;91;148m▄[48;2;0;10;0m[38;2;0;9;2m▄[48;2;49;171;46m[38;2;2;0;0m▄[48;2;0;121;38m[38;2;255;205;36m▄[48;2;0;104;26m[38;2;90;64;0m▄[48;2;255;178;0m[38;2;214;32;0m▄[48;2;91;10;0m[38;2;255;224;129m▄[48;2;255;165;43m[38;2;0;6;0m▄[48;2;0;52;102m[38;2;129;56;26m▄[48;2;0;72;158m[38;2;0;97;202m▄[48;2;0;52;106m[38;2;0;70;138m▄[48;2;0;14;38m[38;2;0;7;19m▄[48;2;0;0;0m[38;2;0;0;0m▄[48;2;0;3;3m[38;2;0;8;13m▄[48;2;0;36;68m[38;2;0;43;87m▄[48;2;0;76;163m[38;2;0;27;94m▄[48;2;0;22;82m[38;2;0;27;98m▄[48;2;0;15;81m[38;2;0;72;142m▄[0m
[48;2;0;99;188m[38;2;0;133;244m▄[48;2;0;111;188m[38;2;0;105;193m▄[48;2;0;20;36m[38;2;0;44;86m▄[48;2;0;0;0m[38;2;0;4;12m▄[48;2;0;8;18m[38;2;0;0;0m▄[48;2;0;0;0m▄▄[38;2;0;0;1m▄[48;2;0;34;56m[38;2;0;39;79m▄[48;2;0;84;147m[38;2;0;86;156m▄[48;2;3;3;1m[38;2;0;118;222m▄[48;2;0;133;252m[38;2;0;76;175m▄[48;2;147;102;78m[38;2;0;145;255m▄[48;2;0;13;18m[38;2;0;158;255m▄[48;2;0;68;94m[38;2;0;183;255m▄[48;2;0;28;57m[38;2;0;98;174m▄[48;2;0;81;165m[38;2;0;166;253m▄[48;2;0;79;165m[38;2;0;118;208m▄[48;2;0;12;56m[38;2;0;58;146m▄[48;2;0;1;15m[38;2;0;117;212m▄[48;2;0;0;0m[38;2;0;40;76m▄[38;2;0;0;0m▄[48;2;0;54;102m[38;2;0;7;21m▄[48;2;0;127;217m[38;2;0;103;184m▄[48;2;0;140;255m[38;2;0;148;255m▄[48;2;0;28;44m[38;2;0;177;255m▄[48;2;115;12;0m[38;2;0;117;184m▄[48;2;0;109;162m[38;2;0;128;189m▄[48;2;10;13;3m[38;2;0;110;188m▄[48;2;0;64;116m[38;2;0;174;255m▄[48;2;0;136;241m[38;2;0;157;255m▄[48;2;0;90;176m[38;2;0;74;163m▄[48;2;0;52;114m[38;2;0;33;79m▄[48;2;0;9;16m[38;2;0;0;6m▄[48;2;0;0;0m[38;2;0;0;0m▄[48;2;0;7;13m[38;2;0;6;9m▄[48;2;0;2;21m[38;2;0;0;4m▄[48;2;0;10;52m[38;2;0;51;110m▄[48;2;0;96;182m[38;2;0;60;117m▄[48;2;0;39;87m[38;2;0;6;37m▄[0m
