[48;2;0;0;0m         [38;2;20;21;25;48;2;48;46;49m▄[38;2;2;13;31;48;2;49;47;61m▄[38;2;0;16;32;48;2;40;46;58m▄[38;2;1;14;31;48;2;43;45;57m▄[38;2;0;12;36;48;2;46;44;57m▄[38;2;0;12;42;48;2;46;45;61m▄[38;2;0;17;43;48;2;44;43;59m▄[38;2;0;15;36;48;2;43;42;56m▄[38;2;0;16;32;48;2;44;42;55m▄[38;2;0;16;29;48;2;44;44;54m▄[38;2;0;14;23;48;2;42;41;47m▄[38;2;18;19;21;48;2;23;23;23m▄[48;2;0;0;0m         [m
[48;2;0;0;0m      [38;2;0;14;23;48;2;21;26;32m▄[38;2;7;16;33;48;2;22;20;31m▄[38;2;0;28;40;48;2;15;24;39m▄[38;2;32;70;89;48;2;38;57;74m▄[38;2;40;91;110;48;2;50;90;111m▄[38;2;53;122;138;48;2;55;122;139m▄[38;2;53;134;153;48;2;57;135;155m▄[38;2;87;169;191;48;2;97;173;197m▄[38;2;72;171;194;48;2;91;172;201m▄[38;2;72;171;194;48;2;88;176;200m▄[38;2;83;170;190;48;2;89;174;195m▄[38;2;88;167;184;48;2;99;174;191m▄[38;2;75;143;159;48;2;80;142;157m▄[38;2;38;94;109;48;2;46;92;105m▄[38;2;14;50;64;48;2;23;45;58m▄[38;2;1;14;31;48;2;17;20;35m▄[38;2;3;10;27;48;2;27;23;38m▄[38;2;3;12;19;48;2;16;26;27m▄[48;2;0;0;0m      [m
[48;2;0;0;0m    [38;2;16;31;38;48;2;7;10;13m▄[38;2;6;33;44;48;2;10;23;32m▄[38;2;25;71;87;48;2;20;46;59m▄[38;2;38;93;113;48;2;52;89;105m▄[38;2;42;105;122;48;2;71;139;150m▄[38;2;9;48;63;48;2;19;66;82m▄[38;2;1;8;24;48;2;0;17;33m▄[38;2;38;39;53;48;2;0;13;30m▄[38;2;62;47;66;48;2;2;15;36m▄[38;2;66;45;64;48;2;2;8;32m▄[38;2;64;50;65;48;2;0;12;36m▄[38;2;54;46;61;48;2;1;17;40m▄[38;2;64;53;69;48;2;0;10;32m▄[38;2;63;59;74;48;2;0;13;32m▄[38;2;25;31;47;48;2;0;14;30m▄[38;2;0;8;26;48;2;0;17;30m▄[38;2;37;74;92;48;2;41;87;100m▄[38;2;58;114;129;48;2;76;129;143m▄[38;2;6;82;98;48;2;18;80;93m▄[38;2;29;62;77;48;2;36;55;69m▄[38;2;0;19;34;48;2;5;12;23m▄[38;2;33;37;49;48;2;19;19;31m▄[48;2;0;0;0m    [m
[48;2;0;0;0m  [38;2;32;22;33;48;2;21;20;26m▄[38;2;0;4;16;48;2;4;8;17m▄[38;2;7;56;69;48;2;22;55;64m▄[38;2;4;87;99;48;2;13;67;79m▄[38;2;33;106;121;48;2;52;109;126m▄[38;2;14;76;97;48;2;4;74;92m▄[38;2;9;9;43;48;2;0;10;37m▄[38;2;8;2;28;48;2;0;2;23m▄[38;2;12;0;16;48;2;10;9;23m▄[38;2;194;178;191;48;2;191;185;195m▄[38;2;246;217;237;48;2;239;218;233m▄[38;2;244;194;220;48;2;252;221;237m▄[38;2;254;205;229;48;2;248;220;234m▄[38;2;248;220;235;48;2;241;225;235m▄[38;2;227;209;223;48;2;240;228;240m▄[38;2;239;214;233;48;2;239;225;240m▄[38;2;152;128;151;48;2;139;126;144m▄[38;2;18;2;29;48;2;12;5;29m▄[38;2;4;3;32;48;2;1;3;28m▄[38;2;0;7;36;48;2;1;7;31m▄[38;2;53;92;121;48;2;48;93;116m▄[38;2;12;100;112;48;2;34;91;108m▄[38;2;13;80;89;48;2;6;54;66m▄[38;2;20;57;64;48;2;42;64;75m▄[38;2;0;5;9;48;2;3;10;18m▄[38;2;28;29;33;48;2;32;32;34m▄[48;2;0;0;0m  [m
[38;2;27;27;27;48;2;0;0;0m▄[38;2;26;26;28;48;2;0;0;0m▄[38;2;20;32;46;48;2;21;27;39m▄[38;2;6;32;47;48;2;0;8;27m▄[38;2;14;50;66;48;2;28;56;77m▄[38;2;18;82;94;48;2;21;80;98m▄[38;2;63;150;160;48;2;58;140;152m▄[38;2;0;98;111;48;2;15;108;123m▄[38;2;5;6;34;48;2;1;2;22m▄[38;2;104;91;108;48;2;133;122;138m▄[38;2;165;139;152;48;2;211;184;203m▄[38;2;231;194;202;48;2;253;214;232m▄[38;2;250;193;200;48;2;253;202;211m▄[38;2;161;93;94;48;2;126;49;55m▄[38;2;138;77;76;48;2;107;34;43m▄[38;2;71;32;35;48;2;42;2;2m▄[38;2;107;75;84;48;2;75;43;48m▄[38;2;249;216;233;48;2;253;212;230m▄[38;2;211;172;191;48;2;245;201;228m▄[38;2;175;142;159;48;2;222;182;209m▄[38;2;74;59;78;48;2;98;76;99m▄[38;2;2;18;41;48;2;2;15;32m▄[38;2;37;119;143;48;2;50;126;142m▄[38;2;54;144;152;48;2;64;152;154m▄[38;2;1;69;82;48;2;8;71;78m▄[38;2;21;53;66;48;2;29;58;66m▄[38;2;3;23;32;48;2;0;6;12m▄[38;2;26;35;40;48;2;25;29;32m▄[38;2;24;24;26;48;2;0;0;0m▄[38;2;15;15;15;48;2;0;0;0m▄[m
[38;2;37;46;55;48;2;43;46;55m▄[38;2;6;14;25;48;2;11;10;24m▄[38;2;34;67;74;48;2;30;50;61m▄[38;2;18;73;78;48;2;11;55;64m▄[38;2;2;56;66;48;2;9;57;69m▄[38;2;8;84;95;48;2;11;85;93m▄[38;2;51;147;161;48;2;55;147;156m▄[38;2;1;113;133;48;2;0;104;117m▄[38;2;3;24;53;48;2;3;8;45m▄[38;2;56;60;64;48;2;13;6;22m▄[38;2;89;83;71;48;2;20;0;3m▄[38;2;119;101;101;48;2;182;150;157m▄[38;2;132;104;119;48;2;232;184;195m▄[38;2;155;121;141;48;2;254;213;221m▄[38;2;151;125;143;48;2;251;216;222m▄[38;2;137;122;145;48;2;241;213;226m▄[38;2;140;122;144;48;2;239;211;233m▄[38;2;122;105;112;48;2;210;177;194m▄[38;2;103;92;81;48;2;137;111;120m▄[38;2;70;67;48;48;2;15;1;1m▄[38;2;36;46;38;48;2;12;8;19m▄[38;2;1;33;44;48;2;2;14;36m▄[38;2;51;140;161;48;2;37;124;152m▄[38;2;44;147;162;48;2;51;148;164m▄[38;2;0;72;93;48;2;0;65;83m▄[38;2;4;56;76;48;2;11;53;72m▄[38;2;27;69;83;48;2;24;56;69m▄[38;2;24;58;67;48;2;21;46;53m▄[38;2;2;16;25;48;2;3;7;18m▄[38;2;38;39;44;48;2;38;37;43m▄[m
[38;2;24;27;32;48;2;33;40;46m▄[38;2;2;15;24;48;2;1;14;22m▄[38;2;43;88;94;48;2;41;82;86m▄[38;2;29;92;99;48;2;32;93;98m▄[38;2;7;63;77;48;2;4;62;73m▄[38;2;15;80;98;48;2;6;81;97m▄[38;2;58;143;163;48;2;56;144;164m▄[38;2;0;106;129;48;2;6;115;141m▄[38;2;3;33;23;48;2;23;58;60m▄[38;2;103;120;84;48;2;119;137;113m▄[38;2;157;167;114;48;2;178;184;146m▄[38;2;73;85;34;48;2;36;37;13m▄[38;2;61;69;27;48;2;8;2;2m▄[38;2;118;119;87;48;2;12;0;10m▄[38;2;114;117;88;48;2;13;5;16m▄[38;2;59;63;38;48;2;6;3;14m▄[38;2;74;73;45;48;2;9;3;11m▄[38;2;130;130;92;48;2;11;5;3m▄[38;2;112;120;71;48;2;69;72;43m▄[38;2;106;117;77;48;2;154;161;128m▄[38;2;45;59;42;48;2;70;87;69m▄[38;2;0;34;35;48;2;5;63;65m▄[38;2;50;132;143;48;2;47;137;149m▄[38;2;52;148;160;48;2;50;152;166m▄[38;2;0;72;86;48;2;0;71;88m▄[38;2;3;62;73;48;2;6;63;80m▄[38;2;42;92;99;48;2;42;90;100m▄[38;2;40;81;85;48;2;37;74;80m▄[48;2;0;15;22m [38;2;34;35;40;48;2;36;40;43m▄[m
[48;2;25;25;33m [38;2;3;12;27;48;2;1;8;24m▄[38;2;69;111;127;48;2;41;85;98m▄[38;2;63;117;129;48;2;30;92;103m▄[38;2;7;64;75;48;2;3;59;76m▄[38;2;12;71;85;48;2;16;75;93m▄[38;2;39;107;126;48;2;63;142;157m▄[38;2;0;84;108;48;2;0;100;117m▄[38;2;0;4;24;48;2;0;5;8m▄[38;2;20;21;28;48;2;95;100;77m▄[38;2;44;38;25;48;2;160;165;120m▄[38;2;79;81;40;48;2;95;106;46m▄[38;2;84;91;24;48;2;82;95;25m▄[38;2;154;164;93;48;2;174;179;112m▄[38;2;155;163;90;48;2;173;175;110m▄[38;2;90;96;23;48;2;96;99;32m▄[38;2;98;104;38;48;2;109;109;45m▄[38;2;166;166;110;48;2;180;180;118m▄[38;2;111;112;72;48;2;144;152;95m▄[38;2;23;23;11;48;2;84;90;52m▄[38;2;7;9;21;48;2;29;39;30m▄[38;2;0;5;27;48;2;0;14;23m▄[38;2;44;96;117;48;2;48;117;132m▄[38;2;29;111;123;48;2;51;143;154m▄[38;2;0;62;77;48;2;0;71;83m▄[38;2;4;60;73;48;2;2;56;68m▄[38;2;79;123;134;48;2;48;95;103m▄[38;2;66;100;110;48;2;35;76;82m▄[38;2;0;10;20;48;2;0;10;19m▄[38;2;36;36;42;48;2;36;36;44m▄[m
[38;2;26;26;34;48;2;24;25;30m▄[38;2;0;11;25;48;2;0;14;27m▄[38;2;80;120;132;48;2;82;122;134m▄[38;2;70;125;130;48;2;78;128;137m▄[38;2;0;66;70;48;2;0;58;63m▄[38;2;0;57;64;48;2;10;70;80m▄[38;2;1;69;82;48;2;36;95;113m▄[38;2;22;87;107;48;2;0;64;91m▄[38;2;72;128;141;48;2;0;17;41m▄[38;2;27;60;77;48;2;1;8;27m▄[38;2;2;12;27;48;2;8;5;14m▄[38;2;9;13;22;48;2;75;69;56m▄[38;2;8;12;11;48;2;91;91;57m▄[38;2;17;19;14;48;2;150;152;112m▄[38;2;16;12;11;48;2;149;147;108m▄[38;2;13;11;12;48;2;94;92;54m▄[38;2;15;15;13;48;2;107;104;69m▄[38;2;17;15;16;48;2;163;156;130m▄[38;2;11;9;20;48;2;101;92;83m▄[38;2;2;13;31;48;2;10;8;21m▄[38;2;44;75;96;48;2;1;7;33m▄[38;2;69;125;140;48;2;0;14;40m▄[38;2;1;80;87;48;2;18;79;97m▄[38;2;0;67;83;48;2;37;100;117m▄[38;2;2;65;82;48;2;0;63;80m▄[38;2;5;63;77;48;2;5;58;74m▄[38;2;85;127;139;48;2;87;129;143m▄[38;2;77;107;118;48;2;79;108;122m▄[48;2;0;10;22m [38;2;35;34;40;48;2;36;36;44m▄[m
[38;2;44;41;48;48;2;29;28;36m▄[38;2;0;9;18;48;2;2;13;25m▄[38;2;19;53;62;48;2;69;107;118m▄[38;2;13;65;76;48;2;62;117;124m▄[38;2;73;129;141;48;2;4;71;77m▄[38;2;58;116;130;48;2;7;74;82m▄[38;2;33;90;110;48;2;0;65;79m▄[38;2;28;86;108;48;2;29;90;109m▄[38;2;0;55;64;48;2;63;132;139m▄[38;2;9;82;94;48;2;15;74;86m▄[38;2;27;94;110;48;2;0;30;48m▄[38;2;96;161;179;48;2;0;29;47m▄[38;2;106;183;201;48;2;0;31;46m▄[38;2;98;187;203;48;2;0;32;46m▄[38;2;93;189;203;48;2;2;34;53m▄[38;2;91;188;204;48;2;0;33;51m▄[38;2;85;178;193;48;2;0;29;44m▄[38;2;47;136;150;48;2;0;28;42m▄[38;2;51;127;140;48;2;0;22;39m▄[38;2;25;94;110;48;2;0;26;45m▄[38;2;9;74;92;48;2;34;87;105m▄[38;2;0;56;70;48;2;60;128;140m▄[38;2;28;98;108;48;2;1;86;91m▄[38;2;19;85;99;48;2;0;61;76m▄[38;2;71;128;137;48;2;7;70;85m▄[38;2;77;127;136;48;2;19;72;85m▄[38;2;7;56;63;48;2;75;118;127m▄[38;2;20;47;54;48;2;66;96;105m▄[38;2;0;6;14;48;2;0;9;18m▄[38;2;38;37;42;48;2;36;34;39m▄[m
[38;2;0;0;0;48;2;51;51;53m▄[38;2;0;0;0;48;2;48;55;64m▄[38;2;14;22;33;48;2;21;41;50m▄[38;2;0;19;34;48;2;13;52;67m▄[38;2;44;85;102;48;2;68;117;132m▄[38;2;39;90;107;48;2;60;116;133m▄[38;2;3;65;80;48;2;31;88;108m▄[38;2;6;68;79;48;2;18;72;96m▄[38;2;42;90;104;48;2;12;76;85m▄[38;2;17;77;85;48;2;10;80;88m▄[38;2;0;64;71;48;2;20;93;102m▄[38;2;0;62;71;48;2;76;146;158m▄[38;2;0;61;75;48;2;87;163;179m▄[38;2;18;91;106;48;2;84;167;183m▄[38;2;5;89;100;48;2;79;171;182m▄[38;2;11;91;102;48;2;78;168;179m▄[38;2;12;89;99;48;2;69;157;169m▄[38;2;1;65;77;48;2;49;131;143m▄[38;2;0;62;73;48;2;46;118;130m▄[38;2;0;52;63;48;2;23;90;102m▄[38;2;22;81;89;48;2;17;80;97m▄[38;2;46;99;113;48;2;5;71;87m▄[38;2;11;70;86;48;2;18;80;95m▄[38;2;0;56;65;48;2;12;82;94m▄[38;2;35;87;98;48;2;67;124;133m▄[38;2;42;80;89;48;2;75;119;128m▄[38;2;0;13;22;48;2;20;54;63m▄[38;2;25;28;35;48;2;16;35;42m▄[38;2;0;0;0;48;2;39;46;54m▄[38;2;0;0;0;48;2;54;52;57m▄[m
[48;2;0;0;0m  [38;2;20;22;34;48;2;17;21;33m▄[38;2;2;9;25;48;2;0;14;27m▄[38;2;30;56;69;48;2;33;69;83m▄[38;2;20;67;77;48;2;30;78;90m▄[38;2;31;95;97;48;2;10;71;76m▄[38;2;10;90;89;48;2;11;79;78m▄[38;2;3;66;73;48;2;35;78;94m▄[38;2;17;80;87;48;2;22;73;82m▄[38;2;27;90;99;48;2;5;74;79m▄[38;2;31;91;101;48;2;4;74;82m▄[38;2;32;91;102;48;2;4;72;85m▄[38;2;69;127;139;48;2;43;102;118m▄[38;2;75;138;147;48;2;46;113;122m▄[38;2;103;168;174;48;2;56;121;127m▄[38;2;91;151;161;48;2;50;110;120m▄[38;2;26;88;103;48;2;0;70;78m▄[38;2;27;86;100;48;2;2;72;80m▄[38;2;29;91;104;48;2;9;76;82m▄[38;2;4;77;86;48;2;11;71;79m▄[38;2;0;59;65;48;2;27;81;93m▄[38;2;25;88;95;48;2;17;74;91m▄[38;2;33;96;105;48;2;11;75;85m▄[38;2;16;56;66;48;2;32;76;89m▄[38;2;31;45;58;48;2;40;67;78m▄[38;2;5;5;15;48;2;1;9;20m▄[38;2;26;25;30;48;2;30;26;33m▄[48;2;0;0;0m  [m
[48;2;0;0;0m    [38;2;8;17;26;48;2;9;27;39m▄[38;2;2;19;27;48;2;15;45;55m▄[38;2;36;60;70;48;2;14;63;70m▄[38;2;35;65;75;48;2;16;75;79m▄[38;2;40;84;97;48;2;25;82;89m▄[38;2;57;108;119;48;2;43;102;110m▄[38;2;74;128;140;48;2;61;120;128m▄[38;2;9;73;85;48;2;13;79;89m▄[38;2;1;60;74;48;2;10;76;88m▄[38;2;61;125;137;48;2;70;130;141m▄[38;2;78;146;157;48;2;77;144;153m▄[38;2;98;166;177;48;2;97;165;174m▄[38;2;80;146;158;48;2;82;149;158m▄[38;2;0;59;71;48;2;7;77;89m▄[38;2;19;87;100;48;2;26;89;104m▄[38;2;66;126;137;48;2;54;113;127m▄[38;2;45;99;111;48;2;25;91;100m▄[38;2;43;90;98;48;2;22;85;94m▄[38;2;23;61;72;48;2;10;69;77m▄[38;2;32;54;65;48;2;10;60;69m▄[38;2;8;26;36;48;2;8;38;48m▄[38;2;12;15;26;48;2;17;27;39m▄[48;2;0;0;0m    [m
[48;2;0;0;0m      [38;2;10;10;22;48;2;7;17;27m▄[38;2;4;6;19;48;2;9;21;37m▄[38;2;0;11;25;48;2;1;23;37m▄[38;2;32;55;69;48;2;28;67;82m▄[38;2;51;82;98;48;2;51;94;110m▄[38;2;79;115;129;48;2;65;114;128m▄[38;2;86;124;137;48;2;62;114;128m▄[38;2;85;124;139;48;2;74;130;145m▄[38;2;80;124;137;48;2;73;132;146m▄[38;2;79;123;134;48;2;77;136;150m▄[38;2;81;123;137;48;2;79;135;150m▄[38;2;82;124;140;48;2;59;117;131m▄[38;2;65;105;121;48;2;54;112;126m▄[38;2;41;80;95;48;2;44;97;111m▄[38;2;10;39;53;48;2;8;54;67m▄[38;2;6;12;26;48;2;0;23;37m▄[38;2;6;5;19;48;2;6;18;34m▄[38;2;15;10;16;48;2;5;9;20m▄[48;2;0;0;0m      [m
[48;2;0;0;0m         [38;2;15;16;18;48;2;11;12;14m▄[38;2;15;24;33;48;2;5;23;35m▄[38;2;17;26;35;48;2;0;17;29m▄[38;2;17;23;35;48;2;0;18;33m▄[38;2;18;22;34;48;2;0;19;34m▄[38;2;19;23;35;48;2;0;18;32m▄▄[38;2;16;22;36;48;2;0;18;32m▄[38;2;17;23;37;48;2;0;17;33m▄[38;2;18;24;38;48;2;0;19;33m▄[38;2;14;20;34;48;2;1;16;32m▄[38;2;17;18;20;48;2;16;16;18m▄[48;2;0;0;0m         [m
