[48;2;255;207;103m[38;2;255;214;147m▄[48;2;246;249;252m[38;2;248;246;255m▄[38;2;247;250;253m▄[48;2;92;104;117m[38;2;195;199;201m▄[48;2;92;111;127m[38;2;92;111;127m▄[48;2;98;118;134m[38;2;104;120;136m▄[48;2;229;226;181m[38;2;121;130;163m▄[48;2;255;202;121m[38;2;237;243;199m▄[48;2;255;255;255m[38;2;255;255;200m▄[48;2;249;255;255m[38;2;255;255;243m▄[48;2;236;255;255m[38;2;255;255;255m▄[48;2;127;169;244m▄[48;2;90;160;255m▄[48;2;212;255;255m▄[48;2;211;255;255m▄[48;2;177;238;255m▄[48;2;98;162;255m[38;2;220;253;255m▄[48;2;189;255;255m[38;2;205;234;255m▄[48;2;146;255;255m[38;2;159;210;255m▄[48;2;78;124;222m[38;2;145;182;253m▄[48;2;69;79;148m[38;2;162;171;226m▄[48;2;201;148;133m[38;2;228;190;171m▄[48;2;255;255;159m[38;2;255;255;144m▄[48;2;219;237;255m[38;2;219;238;254m▄[48;2;255;255;255m[38;2;255;255;255m▄[48;2;252;255;255m[38;2;246;248;255m▄[48;2;193;217;231m[38;2;18;52;56m▄[48;2;68;22;0m[38;2;141;183;216m▄[48;2;10;0;0m[38;2;160;189;234m▄[48;2;0;0;2m[38;2;153;195;243m▄[48;2;255;238;30m[38;2;140;172;192m▄[48;2;91;72;9m[38;2;204;152;0m▄[48;2;157;160;134m[38;2;164;72;0m▄[48;2;236;182;147m[38;2;255;201;132m▄[48;2;118;82;127m[38;2;145;112;152m▄[48;2;42;27;151m[38;2;133;128;255m▄[48;2;13;57;214m[38;2;166;184;255m▄[48;2;13;52;183m[38;2;144;181;255m▄[48;2;24;45;189m[38;2;188;206;255m▄[48;2;28;38;226m[38;2;201;214;255m▄[0m
[48;2;255;255;226m[38;2;255;255;249m▄[48;2;255;255;255m[38;2;219;216;184m▄[48;2;247;250;249m[38;2;247;250;247m▄[48;2;249;249;253m[38;2;255;255;255m▄[48;2;90;108;138m[38;2;94;112;135m▄[48;2;108;122;142m[38;2;110;123;147m▄[48;2;126;140;171m[38;2;128;141;169m▄[48;2;216;234;255m[38;2;105;118;134m▄[48;2;208;234;255m[38;2;253;255;250m▄[48;2;159;194;236m[38;2;249;255;254m▄[48;2;255;255;202m[38;2;127;175;226m▄[48;2;255;255;255m[38;2;255;234;106m▄[38;2;196;187;126m▄[38;2;192;230;255m▄[38;2;207;255;255m▄[38;2;208;255;255m▄[38;2;147;202;255m▄[38;2;174;231;255m▄[38;2;217;252;255m▄[38;2;255;255;255m▄[38;2;255;255;237m▄[48;2;255;255;244m[38;2;255;255;199m▄[48;2;255;255;163m[38;2;255;255;214m▄[48;2;200;224;249m[38;2;130;144;110m▄[48;2;255;255;255m[38;2;255;196;18m▄[48;2;84;126;177m[38;2;177;216;253m▄[48;2;169;212;248m[38;2;229;248;255m▄[48;2;190;226;255m[38;2;243;255;255m▄[48;2;198;226;253m[38;2;234;249;255m▄[48;2;219;0;32m[38;2;255;0;66m▄[48;2;194;112;158m[38;2;247;0;58m▄[48;2;168;157;186m[38;2;196;208;255m▄[48;2;174;92;0m[38;2;174;108;12m▄[48;2;255;255;210m[38;2;255;234;122m▄[48;2;220;192;216m[38;2;204;146;151m▄[48;2;135;148;255m[38;2;94;91;171m▄[48;2;90;134;255m[38;2;57;93;212m▄[48;2;73;124;253m[38;2;243;255;255m▄[48;2;123;154;255m[38;2;70;114;255m▄[48;2;33;64;230m[38;2;22;45;220m▄[0m
[48;2;255;255;255m[38;2;255;255;250m▄[48;2;255;255;226m[38;2;255;255;198m▄[48;2;255;255;255m[38;2;255;255;255m▄▄[48;2;100;114;127m[38;2;222;230;235m▄[48;2;112;126;153m[38;2;117;135;160m▄[48;2;132;145;170m[38;2;136;150;177m▄[48;2;158;171;199m[38;2;158;171;196m▄[48;2;255;255;255m[38;2;243;252;255m▄[48;2;241;249;253m[38;2;255;255;255m▄[48;2;254;255;255m[38;2;238;247;250m▄[48;2;175;217;255m[38;2;157;176;231m▄[48;2;255;208;189m[38;2;255;252;194m▄[48;2;189;189;255m[38;2;225;243;255m▄[48;2;186;224;255m[38;2;182;217;255m▄[48;2;163;222;255m[38;2;170;220;255m▄[48;2;16;78;237m[38;2;48;105;253m▄[48;2;55;110;228m[38;2;49;108;229m▄[48;2;171;206;255m[38;2;8;39;129m▄[48;2;158;170;156m[38;2;112;99;124m▄[48;2;255;243;160m[38;2;244;176;57m▄[48;2;128;118;0m[38;2;138;136;0m▄[48;2;255;255;199m[38;2;255;255;170m▄[48;2;255;255;205m[38;2;255;255;154m▄[48;2;165;168;206m[38;2;176;219;241m▄[48;2;232;249;255m[38;2;255;255;255m▄[48;2;255;255;255m▄[48;2;247;194;205m[38;2;255;100;187m▄[48;2;255;3;74m[38;2;255;40;98m▄[48;2;255;0;73m[38;2;249;255;255m▄[48;2;212;241;255m[38;2;228;242;255m▄[48;2;235;0;62m[38;2;188;153;67m▄[48;2;145;91;1m[38;2;94;51;0m▄[48;2;255;255;198m[38;2;28;25;8m▄[48;2;255;224;214m[38;2;214;192;106m▄[48;2;196;158;186m[38;2;255;244;180m▄[48;2;198;225;248m[38;2;255;212;164m▄[48;2;141;141;208m[38;2;253;210;170m▄[48;2;106;112;208m[38;2;230;183;192m▄[48;2;58;68;180m[38;2;140;129;217m▄[0m
[48;2;183;195;231m[38;2;232;236;255m▄[48;2;255;255;236m[38;2;255;255;253m▄[48;2;255;255;255m[38;2;171;171;146m▄[38;2;255;255;255m▄[48;2;242;242;246m[38;2;247;247;250m▄[48;2;120;139;154m[38;2;129;148;164m▄[48;2;144;157;184m[38;2;153;166;194m▄[48;2;99;112;140m[38;2;88;106;132m▄[48;2;123;136;162m[38;2;87;106;128m▄[48;2;255;255;255m[38;2;213;223;248m▄[48;2;235;248;252m[38;2;62;49;18m▄[48;2;218;247;236m[38;2;142;92;12m▄[48;2;255;255;218m[38;2;255;228;110m▄[48;2;237;237;255m[38;2;254;244;255m▄[48;2;200;238;255m[38;2;246;255;255m▄[48;2;141;195;255m[38;2;103;147;255m▄[48;2;67;139;255m[38;2;0;46;193m▄[48;2;3;74;212m[38;2;255;255;255m▄[48;2;124;195;243m[38;2;0;27;68m▄[48;2;178;229;255m[38;2;63;52;110m▄[48;2;238;241;255m[38;2;178;133;66m▄[48;2;208;206;114m[38;2;255;237;87m▄[48;2;228;216;0m[38;2;214;186;0m▄[48;2;255;255;151m[38;2;255;255;196m▄[48;2;174;216;246m[38;2;178;213;249m▄[48;2;64;97;126m[38;2;0;0;4m▄[48;2;74;108;133m[38;2;12;0;0m▄[48;2;255;159;190m[38;2;255;255;255m▄[48;2;252;132;172m[38;2;255;237;250m▄[48;2;255;255;255m[38;2;255;0;61m▄[48;2;194;31;44m[38;2;112;97;20m▄[48;2;190;138;33m[38;2;132;84;0m▄[48;2;100;49;0m[38;2;80;25;0m▄[48;2;99;128;165m[38;2;147;181;205m▄[48;2;37;20;7m[38;2;190;222;250m▄[48;2;138;87;10m[38;2;199;225;255m▄[48;2;72;36;1m[38;2;241;183;36m▄[48;2;130;124;138m[38;2;90;93;124m▄[48;2;46;50;54m[38;2;255;255;206m▄[48;2;187;165;196m[38;2;253;235;255m▄[0m
[48;2;26;36;129m[38;2;46;12;69m▄[48;2;212;174;172m[38;2;135;115;154m▄[48;2;255;255;183m[38;2;255;255;217m▄[48;2;240;249;246m[38;2;249;249;253m▄[48;2;248;252;255m[38;2;248;253;255m▄[48;2;222;234;244m[38;2;255;255;255m▄[48;2;156;171;195m[38;2;156;174;202m▄[48;2;86;105;127m[38;2;86;105;124m▄[48;2;90;109;124m[38;2;88;108;123m▄[48;2;85;103;126m[38;2;87;106;122m▄[48;2;216;168;44m[38;2;184;163;69m▄[48;2;255;231;25m[38;2;255;226;13m▄[48;2;255;244;177m[38;2;255;255;210m▄[48;2;243;248;255m[38;2;255;255;238m▄[48;2;200;230;255m[38;2;218;230;255m▄[48;2;88;148;255m[38;2;94;123;250m▄[48;2;172;255;255m[38;2;18;69;181m▄[48;2;0;57;228m[38;2;0;33;124m▄[48;2;15;27;88m[38;2;0;16;74m▄[48;2;45;102;202m[38;2;31;48;64m▄[48;2;172;164;250m[38;2;121;98;44m▄[48;2;255;192;10m[38;2;255;175;0m▄[48;2;224;182;0m[38;2;230;236;38m▄[48;2;255;244;63m[38;2;244;219;10m▄[48;2;169;201;249m[38;2;0;0;34m▄[48;2;3;0;0m[38;2;0;0;0m▄[48;2;2;0;0m▄[48;2;255;244;246m▄[48;2;255;0;74m[38;2;146;123;62m▄[48;2;201;150;0m[38;2;210;182;0m▄[48;2;145;146;30m[38;2;117;121;69m▄[48;2;151;81;0m[38;2;195;120;0m▄[48;2;76;50;48m[38;2;87;127;171m▄[48;2;114;158;201m[38;2;146;178;168m▄[48;2;139;181;216m[38;2;194;222;188m▄[48;2;132;163;213m[38;2;115;124;106m▄[48;2;246;184;21m[38;2;60;44;40m▄[48;2;226;232;224m[38;2;121;111;133m▄[48;2;255;255;237m[38;2;255;255;223m▄[48;2;160;231;255m[38;2;196;255;255m▄[0m
[48;2;108;194;255m[38;2;33;34;116m▄[48;2;117;75;111m[38;2;79;56;37m▄[48;2;255;255;243m[38;2;255;255;248m▄[48;2;255;255;255m[38;2;255;255;200m▄[48;2;250;254;255m[38;2;253;252;255m▄[48;2;255;255;255m[38;2;255;255;255m▄[48;2;165;172;207m▄[48;2;96;111;124m[38;2;87;106;122m▄[48;2;88;108;123m[38;2;88;108;123m▄[48;2;87;108;127m[38;2;87;106;126m▄[48;2;132;162;181m[38;2;133;152;170m▄[48;2;159;110;14m[38;2;175;153;60m▄[48;2;84;106;164m[38;2;238;202;6m▄[48;2;255;255;216m[38;2;198;207;205m▄[48;2;255;253;230m[38;2;255;255;206m▄[48;2;157;138;201m[38;2;249;226;194m▄[48;2;70;94;205m[38;2;158;127;127m▄[48;2;22;50;124m[38;2;122;144;202m▄[48;2;28;55;147m[38;2;115;134;222m▄[48;2;123;226;255m[38;2;156;121;75m▄[48;2;159;166;182m[38;2;243;174;99m▄[48;2;255;196;55m[38;2;255;255;151m▄[48;2;255;255;168m[38;2;255;217;34m▄[48;2;198;159;0m[38;2;206;193;135m▄[48;2;109;85;28m[38;2;229;248;255m▄[48;2;187;156;97m[38;2;168;206;243m▄[48;2;96;90;80m[38;2;117;110;62m▄[48;2;3;0;0m[38;2;64;34;0m▄[48;2;224;184;0m[38;2;205;160;34m▄[48;2;255;237;93m[38;2;228;192;40m▄[48;2;229;248;255m[38;2;174;202;255m▄[48;2;176;105;7m[38;2;69;50;8m▄[48;2;98;116;146m[38;2;255;255;213m▄[48;2;255;255;205m[38;2;255;255;241m▄[48;2;255;255;218m[38;2;235;237;250m▄[48;2;255;248;196m[38;2;196;223;255m▄[48;2;218;234;189m[38;2;232;246;255m▄[48;2;255;255;218m[38;2;194;196;255m▄[48;2;255;243;201m[38;2;180;175;255m▄[48;2;216;217;242m[38;2;124;122;222m▄[0m
[48;2;14;18;20m[38;2;12;33;72m▄[48;2;118;104;112m[38;2;57;32;156m▄[48;2;254;255;255m[38;2;242;252;255m▄[48;2;255;255;219m[38;2;255;255;238m▄[48;2;255;255;255m[38;2;220;230;228m▄[38;2;255;255;255m▄[38;2;242;246;249m▄[48;2;91;108;127m[38;2;172;180;192m▄[48;2;87;106;126m[38;2;87;105;126m▄[48;2;85;98;123m[38;2;130;144;171m▄[48;2;123;145;171m[38;2;122;140;165m▄[48;2;87;109;111m[38;2;86;103;120m▄[48;2;238;220;52m[38;2;67;91;118m▄[48;2;94;86;0m[38;2;255;235;66m▄[48;2;166;193;169m[38;2;163;153;0m▄[48;2;255;255;158m[38;2;184;171;0m▄[48;2;255;200;78m[38;2;193;177;0m▄[48;2;246;181;43m[38;2;187;174;0m▄[48;2;252;175;45m[38;2;169;159;28m▄[48;2;255;201;76m[38;2;110;93;0m▄[48;2;255;249;120m[38;2;208;184;15m▄[48;2;255;205;38m[38;2;255;255;64m▄[48;2;246;212;61m[38;2;115;97;19m▄[48;2;244;171;33m[38;2;255;255;159m▄[48;2;255;255;255m[38;2;243;224;201m▄[38;2;255;255;255m▄[48;2;168;219;246m[38;2;193;235;255m▄[48;2;122;55;0m[38;2;92;117;109m▄[48;2;255;249;128m[38;2;108;104;37m▄[48;2;174;193;202m[38;2;109;147;210m▄[48;2;123;126;81m[38;2;222;169;24m▄[48;2;152;212;232m[38;2;129;181;207m▄[48;2;158;174;142m[38;2;248;255;255m▄[48;2;255;255;240m[38;2;255;255;224m▄[48;2;255;255;255m[38;2;255;255;255m▄[48;2;154;187;250m[38;2;216;235;255m▄[48;2;70;118;222m[38;2;79;142;236m▄[48;2;49;75;228m[38;2;20;62;204m▄[48;2;81;108;255m[38;2;33;67;230m▄[48;2;31;48;168m[38;2;0;6;75m▄[0m
[48;2;115;136;226m[38;2;2;56;116m▄[48;2;58;68;75m[38;2;72;88;180m▄[48;2;236;247;255m[38;2;237;241;255m▄[48;2;255;255;236m[38;2;255;255;231m▄[48;2;236;253;255m[38;2;252;255;255m▄[48;2;255;255;255m[38;2;255;255;255m▄[48;2;247;250;253m[38;2;247;249;253m▄[48;2;242;250;255m[38;2;249;249;253m▄[48;2;90;103;127m[38;2;67;73;88m▄[48;2;138;151;178m[38;2;132;151;174m▄[48;2;88;108;129m[38;2;82;102;117m▄[48;2;84;102;122m[38;2;84;99;115m▄[48;2;86;99;123m[38;2;81;96;112m▄[48;2;153;198;234m[38;2;76;91;108m▄[48;2;241;217;62m[38;2;121;148;200m▄[48;2;202;186;0m[38;2;114;144;211m▄[48;2;238;217;0m[38;2;114;123;123m▄[48;2;217;196;0m[38;2;100;81;39m▄[48;2;220;192;0m[38;2;255;236;63m▄[48;2;240;224;0m[38;2;255;254;102m▄[48;2;255;225;79m[38;2;255;255;168m▄[48;2;238;186;26m[38;2;255;255;159m▄[48;2;255;231;58m[38;2;84;82;112m▄[48;2;255;238;25m[38;2;255;214;54m▄[48;2;254;241;68m[38;2;194;25;36m▄[48;2;255;255;255m[38;2;255;255;196m▄[48;2;195;208;255m[38;2;184;195;157m▄[48;2;70;74;22m[38;2;152;182;226m▄[48;2;60;62;75m[38;2;78;91;118m▄[48;2;94;108;139m[38;2;232;211;128m▄[48;2;183;86;1m[38;2;153;87;15m▄[48;2;242;255;255m[38;2;238;255;255m▄[48;2;240;255;255m[38;2;226;255;252m▄[48;2;255;249;170m[38;2;255;250;156m▄[48;2;255;255;255m[38;2;255;255;249m▄[38;2;255;255;255m▄[48;2;219;255;255m[38;2;244;255;255m▄[48;2;43;91;218m[38;2;154;244;255m▄[48;2;0;31;171m[38;2;157;202;255m▄[48;2;8;0;87m[38;2;192;201;255m▄[0m
[48;2;138;176;255m[38;2;186;219;255m▄[48;2;152;194;255m[38;2;192;232;255m▄[48;2;219;231;255m[38;2;235;248;255m▄[48;2;255;255;240m[38;2;255;255;225m▄[48;2;255;255;255m[38;2;229;177;39m▄[48;2;206;244;255m[38;2;116;104;72m▄[48;2;243;247;255m[38;2;247;248;243m▄[48;2;248;248;252m[38;2;249;249;253m▄[48;2;255;255;255m[38;2;255;255;255m▄[48;2;126;144;172m[38;2;122;130;153m▄[48;2;82;98;110m[38;2;81;97;109m▄[48;2;84;99;115m[38;2;78;93;110m▄[48;2;81;96;112m[38;2;73;93;109m▄[48;2;79;94;111m[38;2;74;91;106m▄[48;2;28;45;57m[38;2;68;84;96m▄[48;2;111;152;186m[38;2;156;169;175m▄[48;2;171;214;255m[38;2;0;0;7m▄[48;2;139;175;232m[38;2;0;0;0m▄[48;2;80;103;159m[38;2;240;254;255m▄[48;2;85;115;163m[38;2;240;255;255m▄[48;2;56;52;18m[38;2;229;252;255m▄[48;2;28;16;2m[38;2;213;210;70m▄[48;2;190;223;248m[38;2;246;255;247m▄[48;2;150;134;96m[38;2;188;229;255m▄[48;2;249;206;28m[38;2;205;231;211m▄[48;2;135;112;110m[38;2;255;195;49m▄[48;2;79;99;114m[38;2;61;66;72m▄[48;2;145;222;236m[38;2;171;139;60m▄[48;2;84;58;9m[38;2;160;208;222m▄[48;2;151;72;0m[38;2;180;118;16m▄[48;2;112;84;45m[38;2;212;196;164m▄[48;2;219;246;250m[38;2;222;248;255m▄[48;2;234;255;255m[38;2;223;252;253m▄[48;2;255;255;211m[38;2;165;177;156m▄[48;2;255;255;243m[38;2;255;242;213m▄[48;2;255;255;255m[38;2;255;255;255m▄▄[48;2;206;255;255m▄[48;2;102;169;255m[38;2;246;255;255m▄[48;2;25;54;195m[38;2;196;220;255m▄[0m
[48;2;225;246;255m[38;2;135;189;255m▄[48;2;184;222;255m[38;2;111;127;226m▄[48;2;232;242;255m[38;2;235;181;188m▄[48;2;255;255;210m[38;2;255;255;180m▄[48;2;232;184;40m[38;2;240;177;32m▄[48;2;44;39;0m[38;2;255;232;27m▄[48;2;157;115;38m[38;2;123;57;0m▄[48;2;246;244;248m[38;2;254;247;255m▄[48;2;255;255;255m[38;2;255;255;255m▄▄[48;2;72;93;104m[38;2;73;79;88m▄[48;2;69;88;104m[38;2;68;87;103m▄▄[38;2;67;86;102m▄[48;2;68;87;103m▄[48;2;63;82;100m[38;2;68;87;103m▄[48;2;216;232;238m[38;2;31;48;61m▄[48;2;0;10;20m[38;2;255;255;254m▄[48;2;69;100;126m[38;2;253;255;255m▄[48;2;255;255;255m[38;2;165;180;223m▄[48;2;231;248;253m[38;2;232;249;255m▄[48;2;252;255;234m[38;2;242;252;255m▄[48;2;180;240;253m[38;2;242;214;165m▄[48;2;196;181;74m[38;2;169;170;140m▄[48;2;217;223;188m[38;2;105;79;103m▄[48;2;219;247;242m[38;2;126;112;109m▄[48;2;120;177;160m[38;2;255;223;69m▄[48;2;120;115;55m[38;2;255;243;30m▄[48;2;106;110;135m[38;2;172;140;0m▄[48;2;198;201;198m[38;2;169;94;14m▄[48;2;255;255;166m[38;2;255;252;121m▄[48;2;156;194;225m[38;2;237;255;255m▄[48;2;199;241;255m[38;2;164;214;240m▄[48;2;201;243;255m[38;2;154;201;218m▄[48;2;254;190;115m[38;2;255;246;156m▄[48;2;138;128;171m[38;2;211;192;198m▄[48;2;212;235;255m[38;2;110;139;171m▄[48;2;255;255;255m[38;2;255;255;255m▄[48;2;238;255;255m[38;2;202;240;255m▄[48;2;201;253;255m[38;2;188;241;255m▄[0m
[48;2;79;85;177m[38;2;135;136;244m▄[48;2;133;123;183m[38;2;150;114;187m▄[48;2;241;196;135m[38;2;255;234;204m▄[48;2;199;176;38m[38;2;226;192;60m▄[48;2;234;175;22m[38;2;228;169;21m▄[48;2;255;241;31m[38;2;255;223;37m▄[48;2;255;255;193m[38;2;255;254;109m▄[48;2;244;216;55m[38;2;152;92;10m▄[48;2;255;255;255m[38;2;255;255;255m▄[48;2;249;249;253m[38;2;248;248;252m▄[48;2;244;247;254m[38;2;243;247;250m▄[48;2;67;86;102m[38;2;73;79;99m▄[48;2;68;87;103m[38;2;62;81;100m▄[48;2;67;86;102m[38;2;61;80;96m▄[48;2;62;81;97m[38;2;60;79;94m▄[48;2;61;80;96m[38;2;58;78;93m▄[48;2;60;79;94m[38;2;57;76;92m▄[48;2;226;242;255m[38;2;49;68;78m▄[48;2;255;254;255m[38;2;223;216;116m▄[48;2;255;255;255m[38;2;255;255;176m▄[38;2;255;255;189m▄[48;2;138;134;109m[38;2;255;255;105m▄[48;2;255;241;34m[38;2;255;244;9m▄[48;2;255;244;49m[38;2;140;98;0m▄[48;2;255;242;88m[38;2;255;202;28m▄[48;2;255;255;172m[38;2;244;212;10m▄[48;2;255;225;85m[38;2;164;126;51m▄[48;2;38;44;15m[38;2;255;255;93m▄[48;2;202;156;52m[38;2;248;235;206m▄[48;2;255;248;126m[38;2;255;199;67m▄[48;2;255;214;58m[38;2;255;208;180m▄[48;2;152;147;85m[38;2;255;232;103m▄[48;2;235;255;255m[38;2;218;254;253m▄[48;2;228;255;255m[38;2;240;255;255m▄[48;2;255;255;159m[38;2;244;247;202m▄[48;2;253;246;236m[38;2;255;255;234m▄[48;2;255;255;255m[38;2;214;220;247m▄[38;2;235;255;255m▄[38;2;255;255;255m▄[48;2;104;159;246m[38;2;236;255;255m▄[0m
[48;2;68;50;54m[38;2;48;36;61m▄[48;2;162;134;172m[38;2;129;117;139m▄[48;2;255;188;78m[38;2;249;178;79m▄[48;2;255;235;164m[38;2;255;255;205m▄[48;2;206;144;19m[38;2;190;126;16m▄[48;2;255;206;32m[38;2;230;166;21m▄[48;2;255;238;31m[38;2;255;228;27m▄[48;2;255;255;124m[38;2;255;250;106m▄[48;2;195;146;25m[38;2;255;226;31m▄[48;2;244;247;254m[38;2;255;255;253m▄[48;2;241;246;250m[38;2;240;243;247m▄[48;2;234;241;249m[38;2;240;243;250m▄[48;2;73;80;98m[38;2;199;206;225m▄[48;2;60;79;94m[38;2;54;73;88m▄[48;2;58;78;93m[38;2;51;70;86m▄[48;2;56;75;91m▄[48;2;52;72;87m▄[48;2;51;61;79m[38;2;44;63;81m▄[48;2;43;55;66m[38;2;39;55;70m▄[48;2;255;255;184m[38;2;10;22;37m▄[48;2;255;247;46m[38;2;236;242;255m▄[48;2;237;234;118m[38;2;255;255;255m▄[48;2;81;105;104m[38;2;212;237;255m▄[48;2;212;222;255m[38;2;55;93;122m▄[48;2;121;75;19m[38;2;188;153;10m▄[48;2;162;87;3m[38;2;241;189;49m▄[48;2;134;79;0m[38;2;64;51;13m▄[48;2;150;105;69m[38;2;73;44;9m▄[48;2;255;255;128m[38;2;36;50;26m▄[48;2;249;186;99m[38;2;255;234;163m▄[48;2;222;163;126m[38;2;211;174;158m▄[48;2;255;207;96m[38;2;255;196;152m▄[48;2;240;255;255m[38;2;144;165;105m▄[48;2;237;255;255m[38;2;213;238;246m▄[48;2;222;238;248m[38;2;229;254;255m▄[48;2;255;255;236m[38;2;255;213;208m▄[48;2;243;235;231m[38;2;164;164;240m▄[48;2;157;170;194m[38;2;213;216;223m▄[48;2;255;255;255m[38;2;255;255;255m▄[48;2;241;255;255m[38;2;246;255;255m▄[0m
[48;2;87;141;255m[38;2;115;255;255m▄[48;2;153;142;200m[38;2;108;94;108m▄[48;2;237;174;87m[38;2;232;180;90m▄[48;2;127;122;44m[38;2;214;214;139m▄[48;2;157;90;0m[38;2;132;87;0m▄[48;2;213;146;18m[38;2;186;114;3m▄[48;2;242;190;24m[38;2;235;171;27m▄[48;2;255;241;33m[38;2;249;198;31m▄[48;2;255;255;110m[38;2;255;241;31m▄[48;2;255;254;6m[38;2;255;255;87m▄[48;2;231;240;244m[38;2;78;66;0m▄[48;2;240;243;247m[38;2;236;238;246m▄[48;2;240;240;243m[38;2;236;240;242m▄[48;2;54;69;86m[38;2;238;242;246m▄[48;2;51;70;86m[38;2;49;63;80m▄[38;2;44;63;79m▄[48;2;46;66;81m[38;2;43;62;78m▄[48;2;43;62;78m[38;2;42;57;70m▄[48;2;37;56;72m[38;2;33;52;64m▄[48;2;27;46;62m[38;2;33;49;64m▄[48;2;126;147;158m[38;2;25;40;54m▄[48;2;176;201;236m[38;2;255;255;255m▄[48;2;242;255;255m[38;2;142;178;220m▄[48;2;61;55;31m[38;2;190;238;254m▄[48;2;193;115;26m[38;2;153;165;151m▄[48;2;150;92;7m[38;2;214;150;67m▄[48;2;172;145;96m[38;2;112;79;28m▄[48;2;86;38;0m[38;2;122;68;3m▄[48;2;87;51;0m[38;2;255;244;31m▄[48;2;255;217;102m[38;2;124;67;6m▄[48;2;255;249;236m[38;2;255;202;121m▄[48;2;235;199;171m[38;2;252;219;200m▄[48;2;255;226;96m[38;2;255;255;182m▄[48;2;217;243;255m[38;2;204;247;254m▄[48;2;211;240;248m[38;2;216;253;255m▄[48;2;255;196;0m[38;2;255;255;134m▄[48;2;158;87;46m[38;2;230;144;48m▄[48;2;40;32;115m[38;2;57;22;40m▄[48;2;228;235;244m[38;2;130;138;178m▄[48;2;255;255;255m[38;2;255;255;255m▄[0m
[48;2;109;255;255m[38;2;163;127;230m▄[48;2;128;112;135m[38;2;168;134;177m▄[48;2;241;183;100m[38;2;246;188;127m▄[48;2;144;144;86m[38;2;177;193;148m▄[48;2;237;248;238m[38;2;148;184;184m▄[48;2;157;84;10m[38;2;241;255;240m▄[48;2;193;124;6m[38;2;145;73;0m▄[48;2;235;176;26m[38;2;182;115;14m▄[48;2;237;186;25m[38;2;225;170;24m▄[48;2;255;240;31m[38;2;223;165;10m▄[48;2;255;248;57m[38;2;255;219;19m▄[48;2;244;250;255m[38;2;255;229;64m▄[48;2;237;235;244m[38;2;232;230;240m▄[48;2;231;235;237m[38;2;225;230;232m▄[48;2;37;48;66m[38;2;219;228;229m▄[48;2;42;61;76m[38;2;43;57;78m▄[48;2;40;56;68m[38;2;36;52;64m▄[48;2;36;51;64m[38;2;33;49;61m▄[48;2;32;48;60m[38;2;31;48;57m▄[48;2;27;46;61m[38;2;99;120;135m▄[48;2;25;32;40m[38;2;24;26;32m▄[48;2;255;255;255m[38;2;22;32;54m▄[48;2;207;240;255m[38;2;255;255;255m▄[48;2;255;255;255m[38;2;253;253;169m▄[48;2;192;213;246m[38;2;255;255;138m▄[48;2;156;86;12m[38;2;255;230;58m▄[48;2;27;12;0m[38;2;129;68;0m▄[48;2;153;180;217m[38;2;188;213;253m▄[48;2;255;248;78m[38;2;253;195;38m▄[48;2;61;33;0m[38;2;187;135;62m▄[48;2;255;249;163m[38;2;255;255;206m▄[48;2;255;255;243m[38;2;255;230;192m▄[48;2;235;199;105m[38;2;222;171;88m▄[48;2;133;158;117m[38;2;255;248;126m▄[48;2;186;226;246m[38;2;147;188;210m▄[48;2;144;159;140m[38;2;188;237;253m▄[48;2;243;147;0m[38;2;248;172;75m▄[48;2;188;166;246m[38;2;105;55;0m▄[48;2;73;90;45m[38;2;63;60;56m▄[48;2;250;255;255m[38;2;240;243;249m▄[0m
[48;2;93;85;193m[38;2;124;163;255m▄[48;2;194;182;229m[38;2;196;208;255m▄[48;2;249;208;180m[38;2;255;242;217m▄[48;2;253;255;248m[38;2;238;255;255m▄[48;2;163;201;214m[38;2;207;246;254m▄[48;2;127;166;178m[38;2;158;204;211m▄[48;2;231;255;230m[38;2;255;255;198m▄[48;2;110;44;0m[38;2;255;255;222m▄[48;2;170;99;1m[38;2;208;224;207m▄[48;2;218;157;21m[38;2;255;246;180m▄[48;2;142;174;212m[38;2;231;255;255m▄[48;2;188;225;248m[38;2;133;162;192m▄[48;2;217;213;217m[38;2;220;240;255m▄[48;2;223;226;230m[38;2;222;214;225m▄[48;2;216;219;226m[38;2;213;216;223m▄[48;2;204;206;213m[38;2;206;210;217m▄[48;2;33;49;61m[38;2;33;44;62m▄[48;2;30;44;61m[38;2;26;42;55m▄[48;2;26;42;58m[38;2;25;39;60m▄[48;2;76;94;123m[38;2;214;186;76m▄[48;2;22;46;60m[38;2;51;73;98m▄[48;2;45;55;73m[38;2;60;76;96m▄[48;2;39;38;45m[38;2;21;40;45m▄[48;2;199;133;40m[38;2;250;235;116m▄[48;2;148;81;0m[38;2;148;88;0m▄[48;2;214;146;32m[38;2;186;122;39m▄[48;2;157;90;0m[38;2;105;66;0m▄[48;2;55;43;28m[38;2;133;102;0m▄[48;2;229;189;93m[38;2;249;255;255m▄[48;2;216;165;31m[38;2;217;169;28m▄[48;2;255;255;210m[38;2;255;255;229m▄[48;2;228;246;255m[38;2;244;255;255m▄[48;2;255;218;195m[38;2;154;237;255m▄[48;2;255;213;85m[38;2;255;228;208m▄[48;2;140;188;214m[38;2;255;244;133m▄[48;2;132;187;208m[38;2;201;207;141m▄[48;2;255;242;139m[38;2;243;175;56m▄[48;2;136;124;146m[38;2;234;211;183m▄[48;2;97;120;196m[38;2;110;114;159m▄[48;2;219;235;243m[38;2;252;255;255m▄[0m
[48;2;178;225;255m[38;2;159;232;255m▄[48;2;230;250;255m[38;2;222;255;255m▄[48;2;255;255;248m[38;2;255;255;248m▄[48;2;208;238;255m[38;2;201;244;255m▄[48;2;202;241;247m[38;2;184;229;254m▄[48;2;186;232;249m[38;2;168;213;242m▄[48;2;255;255;219m[38;2;255;255;247m▄[48;2;255;255;255m[38;2;235;255;255m▄[48;2;255;255;247m[38;2;224;255;255m▄[48;2;255;255;225m[38;2;211;255;255m▄[48;2;255;255;207m[38;2;241;255;255m▄[48;2;114;135;104m[38;2;249;255;255m▄[48;2;124;151;180m[38;2;255;255;226m▄[48;2;255;255;202m[38;2;255;255;208m▄[48;2;206;210;217m[38;2;226;229;207m▄[48;2;202;205;216m[38;2;198;200;213m▄[48;2;189;196;206m[38;2;189;193;200m▄[48;2;24;40;52m[38;2;180;183;190m▄[48;2;26;42;51m[38;2;30;36;52m▄[48;2;26;30;28m[38;2;20;39;55m▄[48;2;74;58;0m[38;2;50;60;79m▄[48;2;86;102;121m[38;2;37;50;60m▄[48;2;0;2;14m[38;2;19;27;31m▄[48;2;176;157;84m[38;2;32;13;0m▄[48;2;236;184;32m[38;2;255;236;38m▄[48;2;123;132;157m[38;2;145;91;1m▄[48;2;153;145;174m[38;2;136;133;159m▄[48;2;120;122;136m[38;2;130;132;153m▄[48;2;202;232;250m[38;2;171;200;225m▄[48;2;211;144;44m[38;2;74;73;51m▄[48;2;164;177;135m[38;2;255;255;212m▄[48;2;255;255;253m[38;2;255;255;255m▄[48;2;182;249;255m[38;2;254;255;255m▄[48;2;129;230;255m[38;2;150;246;255m▄[48;2;199;188;192m[38;2;106;229;255m▄[48;2;255;224;178m[38;2;103;182;255m▄[48;2;163;94;0m[38;2;211;183;183m▄[48;2;81;34;14m[38;2;50;54;85m▄[48;2;108;127;152m[38;2;26;26;26m▄[48;2;255;255;255m[38;2;217;240;250m▄[0m
[48;2;150;234;255m[38;2;154;234;255m▄[48;2;223;255;255m[38;2;234;255;255m▄[48;2;255;255;246m[38;2;255;255;237m▄[48;2;182;226;252m[38;2;172;219;240m▄[48;2;156;199;223m[38;2;99;150;169m▄[48;2;102;121;117m[38;2;255;255;235m▄[48;2;255;255;255m[38;2;255;255;255m▄[48;2;225;255;255m[38;2;225;255;255m▄[48;2;205;255;255m[38;2;228;255;255m▄[48;2;196;255;255m[38;2;218;255;255m▄[48;2;198;249;255m[38;2;187;231;255m▄[48;2;206;255;255m[38;2;184;213;255m▄[48;2;219;236;255m[38;2;141;183;255m▄[48;2;244;229;241m[38;2;174;164;220m▄[48;2;255;237;175m[38;2;255;208;214m▄[48;2;193;195;205m[38;2;255;252;165m▄[48;2;184;187;198m[38;2;181;184;192m▄[48;2;181;184;192m[38;2;174;177;184m▄[48;2;128;130;141m[38;2;169;171;178m▄[48;2;26;43;56m[38;2;21;28;38m▄[48;2;21;33;40m[38;2;22;38;50m▄[48;2;18;20;27m[38;2;0;0;4m▄[48;2;27;27;31m[38;2;26;28;38m▄[48;2;9;0;0m[38;2;24;27;30m▄[48;2;255;244;30m[38;2;255;231;22m▄[48;2;255;213;20m[38;2;152;111;60m▄[48;2;67;49;57m[38;2;16;0;0m▄[48;2;177;174;196m[38;2;45;48;61m▄[48;2;66;60;68m[38;2;57;55;64m▄[48;2;133;174;199m[38;2;20;27;37m▄[48;2;255;255;208m[38;2;255;255;225m▄[48;2;255;255;255m[38;2;255;255;255m▄[48;2;248;255;255m[38;2;246;255;255m▄[38;2;249;255;255m▄[48;2;159;255;255m[38;2;248;255;255m▄[48;2;66;236;255m[38;2;172;255;255m▄[48;2;20;202;255m[38;2;51;235;255m▄[48;2;194;192;178m[38;2;0;195;255m▄[48;2;175;193;222m[38;2;213;248;252m▄[48;2;212;225;241m[38;2;246;255;255m▄[0m
[48;2;154;220;255m[38;2;166;180;247m▄[48;2;237;255;255m[38;2;220;219;255m▄[48;2;255;255;230m[38;2;255;242;200m▄[48;2;146;198;219m[38;2;80;139;151m▄[48;2;129;187;216m[38;2;255;255;204m▄[48;2;255;255;211m[38;2;255;255;250m▄[48;2;253;255;255m[38;2;240;255;255m▄[48;2;231;255;255m[38;2;235;255;255m▄[48;2;235;255;255m[38;2;253;255;255m▄[48;2;255;255;255m[38;2;226;255;255m▄[48;2;198;236;255m[38;2;214;250;255m▄[48;2;192;172;255m[38;2;157;139;225m▄[48;2;174;247;255m[38;2;163;219;255m▄[48;2;153;152;238m[38;2;128;122;211m▄[48;2;183;157;176m[38;2;136;117;175m▄[48;2;248;187;123m[38;2;246;223;242m▄[48;2;244;235;176m[38;2;255;208;138m▄[48;2;170;174;181m[38;2;160;157;126m▄[48;2;165;168;181m[38;2;160;166;178m▄[48;2;162;170;175m[38;2;160;163;174m▄[48;2;25;40;54m[38;2;25;40;56m▄[48;2;0;0;3m[38;2;8;25;31m▄[48;2;27;27;31m[38;2;25;24;57m▄[48;2;16;25;22m[38;2;49;39;49m▄[48;2;195;151;0m[38;2;114;91;30m▄[48;2;39;18;0m[38;2;81;34;0m▄[48;2;50;42;44m[38;2;115;106;132m▄[48;2;123;130;146m[38;2;90;72;103m▄[48;2;99;106;126m[38;2;67;78;97m▄[48;2;108;109;108m[38;2;255;255;142m▄[48;2;255;235;177m[38;2;255;228;187m▄[48;2;255;255;255m[38;2;255;213;218m▄[48;2;249;255;255m[38;2;255;255;255m▄[48;2;247;255;255m▄[48;2;248;255;255m[38;2;243;255;255m▄[48;2;234;255;255m[38;2;229;255;255m▄[48;2;175;255;255m[38;2;232;255;255m▄[48;2;30;237;255m[38;2;207;255;255m▄[48;2;72;235;255m[38;2;148;255;255m▄[48;2;164;235;255m[38;2;136;255;255m▄[0m
[48;2;188;202;255m[38;2;172;147;224m▄[48;2;216;180;228m[38;2;199;164;219m▄[48;2;255;225;171m[38;2;224;189;199m▄[48;2;255;255;201m[38;2;255;220;226m▄[48;2;255;255;241m[38;2;255;255;255m▄[48;2;255;255;255m▄[48;2;241;255;255m[38;2;249;255;255m▄[48;2;242;255;255m[38;2;250;255;255m▄[48;2;250;255;255m[38;2;255;255;255m▄[48;2;240;255;255m▄[48;2;229;255;255m[38;2;254;255;255m▄[48;2;114;117;204m[38;2;146;202;255m▄[48;2;183;164;236m[38;2;171;152;231m▄[48;2;156;222;255m[38;2;135;242;255m▄[48;2;112;133;210m[38;2;117;144;240m▄[48;2;164;168;231m[38;2;73;99;186m▄[48;2;188;172;182m[38;2;150;154;214m▄[48;2;255;231;164m[38;2;219;187;160m▄[48;2;229;226;236m[38;2;255;255;172m▄[48;2;153;159;175m[38;2;163;163;176m▄[48;2;20;39;54m[38;2;21;37;46m▄[48;2;10;25;44m[38;2;92;103;74m▄[48;2;164;180;132m[38;2;88;79;3m▄[48;2;61;20;0m[38;2;255;242;55m▄[48;2;126;153;170m[38;2;231;182;28m▄[48;2;40;32;56m[38;2;55;22;0m▄[48;2;55;57;61m[38;2;0;0;0m▄[48;2;48;70;45m[38;2;97;42;0m▄[48;2;255;246;76m[38;2;255;231;111m▄[48;2;255;207;145m[38;2;211;154;86m▄[48;2;255;219;199m[38;2;211;172;207m▄[48;2;240;208;232m[38;2;255;204;211m▄[48;2;244;206;206m[38;2;255;210;196m▄[48;2;255;255;255m[38;2;247;212;205m▄[48;2;248;255;255m[38;2;246;255;255m▄[48;2;235;255;255m[38;2;235;255;255m▄[48;2;232;255;255m[38;2;238;255;255m▄[48;2;247;255;255m[38;2;250;255;255m▄[48;2;255;255;255m[38;2;255;255;255m▄[48;2;156;255;255m▄[0m
[48;2;163;138;211m[38;2;147;138;222m▄[48;2;192;154;224m[38;2;208;182;253m▄[48;2;199;166;228m[38;2;201;175;248m▄[48;2;250;212;235m[38;2;255;214;246m▄[48;2;255;255;255m[38;2;255;253;255m▄[38;2;255;255;255m▄▄▄▄▄[48;2;234;255;255m[38;2;230;255;255m▄[48;2;187;235;255m[38;2;224;255;255m▄[48;2;146;140;242m[38;2;100;122;210m▄[48;2;115;164;255m[38;2;189;146;223m▄[48;2;84;138;228m[38;2;141;240;255m▄[48;2;87;102;187m[38;2;102;108;181m▄[48;2;117;110;182m[38;2;105;87;144m▄[48;2;157;129;166m[38;2;181;159;207m▄[48;2;255;207;170m[38;2;195;166;160m▄[48;2;255;255;176m[38;2;255;235;207m▄[48;2;18;32;34m[38;2;255;254;157m▄[48;2;255;255;140m[38;2;247;240;166m▄[48;2;255;224;32m[38;2;224;201;79m▄[48;2;234;186;21m[38;2;236;184;28m▄[48;2;110;48;4m[38;2;153;80;7m▄[48;2;168;104;50m[38;2;150;61;0m▄[48;2;6;0;6m[38;2;76;79;61m▄[48;2;154;142;100m[38;2;255;255;175m▄[48;2;255;255;224m[38;2;255;255;248m▄[48;2;187;144;120m[38;2;241;212;225m▄[48;2;105;98;114m[38;2;96;81;90m▄[48;2;246;190;213m[38;2;104;91;145m▄[48;2;255;218;211m[38;2;255;208;232m▄[48;2;255;211;212m[38;2;255;216;213m▄[48;2;216;206;202m[38;2;232;213;216m▄[48;2;242;255;255m[38;2;212;218;226m▄[48;2;241;255;255m[38;2;249;255;255m▄[48;2;253;255;255m[38;2;255;255;255m▄[48;2;255;255;255m▄▄[0m