␛[48;2;39;0;0m␛[38;2;96;0;3m▄␛[48;2;0;0;7m␛[38;2;4;32;32m▄␛[48;2;0;0;0m␛[38;2;56;98;199m▄␛[48;2;72;0;0m␛[38;2;46;90;183m▄␛[48;2;181;0;14m␛[38;2;22;67;160m▄␛[48;2;182;0;18m␛[38;2;1;56;138m▄␛[48;2;132;0;4m␛[38;2;7;45;126m▄␛[48;2;91;0;3m␛[38;2;42;0;2m▄␛[48;2;91;0;0m␛[38;2;98;0;0m▄␛[48;2;172;0;14m␛[38;2;177;0;13m▄␛[48;2;160;0;12m␛[38;2;176;0;13m▄␛[48;2;118;0;3m␛[38;2;93;0;0m▄␛[48;2;168;0;14m␛[38;2;86;0;0m▄␛[48;2;181;0;14m␛[38;2;100;0;1m▄␛[48;2;76;0;0m␛[38;2;8;0;46m▄␛[48;2;37;0;0m␛[38;2;12;39;148m▄␛[48;2;22;0;0m␛[38;2;42;129;243m▄␛[48;2;20;0;0m␛[38;2;108;172;255m▄␛[48;2;40;0;0m␛[38;2;153;206;250m▄␛[48;2;75;0;0m␛[38;2;169;220;255m▄␛[48;2;64;0;0m␛[38;2;170;220;249m▄␛[48;2;52;0;0m␛[38;2;168;217;255m▄␛[48;2;48;0;0m␛[38;2;153;205;249m▄␛[48;2;50;0;0m␛[38;2;151;202;247m▄␛[48;2;28;0;0m␛[38;2;124;189;243m▄␛[48;2;0;0;0m␛[38;2;85;165;254m▄␛[38;2;44;128;226m▄␛[38;2;7;87;183m▄␛[48;2;54;0;0m␛[38;2;0;75;172m▄␛[48;2;32;0;0m␛[38;2;14;79;156m▄␛[48;2;68;0;0m␛[38;2;0;15;67m▄␛[48;2;79;0;0m␛[38;2;0;14;39m▄␛[48;2;76;0;0m␛[38;2;91;0;3m▄␛[48;2;90;0;2m␛[38;2;102;0;6m▄␛[48;2;99;0;3m␛[38;2;120;0;10m▄␛[48;2;157;0;13m␛[38;2;184;0;14m▄␛[48;2;132;0;1m␛[38;2;128;0;6m▄␛[48;2;90;0;3m␛[38;2;85;0;1m▄␛[48;2;76;0;0m␛[38;2;73;0;0m▄␛[48;2;51;0;0m␛[38;2;54;0;0m▄␛[0m
␛[48;2;12;69;172m␛[38;2;98;127;222m▄␛[48;2;78;116;218m␛[38;2;61;78;148m▄␛[48;2;68;110;200m␛[38;2;0;0;14m▄␛[48;2;63;110;235m␛[38;2;0;0;15m▄␛[48;2;34;63;136m␛[38;2;0;0;14m▄␛[48;2;46;104;201m␛[38;2;0;0;10m▄␛[48;2;27;72;180m␛[38;2;0;0;0m▄␛[48;2;14;54;156m␛[38;2;12;58;164m▄␛[48;2;1;1;40m␛[38;2;0;21;90m▄␛[48;2;180;0;16m␛[38;2;118;0;0m▄␛[48;2;159;0;14m␛[38;2;169;0;15m▄␛[48;2;134;0;6m␛[38;2;171;0;16m▄␛[48;2;73;0;0m␛[38;2;82;0;1m▄␛[48;2;70;0;0m␛[38;2;56;0;0m▄␛[48;2;0;0;16m␛[38;2;18;0;0m▄␛[48;2;2;1;62m␛[38;2;7;28;0m▄␛[48;2;15;37;128m␛[38;2;6;57;0m▄␛[48;2;18;48;150m␛[38;2;15;63;3m▄␛[48;2;18;34;136m␛[38;2;19;62;1m▄␛[48;2;10;16;94m␛[38;2;7;64;0m▄␛[48;2;15;36;109m␛[38;2;0;61;0m▄␛[48;2;18;56;136m␛[38;2;9;79;6m▄␛[48;2;19;72;162m␛[38;2;4;68;0m▄␛[48;2;22;67;152m␛[38;2;15;79;2m▄␛[48;2;15;55;122m␛[38;2;10;86;7m▄␛[48;2;12;25;79m␛[38;2;3;63;2m▄␛[48;2;0;9;48m␛[38;2;3;49;0m▄␛[48;2;0;2;40m␛[38;2;0;38;0m▄␛[48;2;0;2;31m␛[38;2;2;31;0m▄␛[48;2;0;0;20m␛[38;2;2;24;0m▄␛[48;2;0;0;10m␛[38;2;4;19;0m▄␛[48;2;0;0;0m␛[38;2;166;0;9m▄␛[48;2;104;0;8m␛[38;2;104;0;8m▄␛[48;2;106;0;7m␛[38;2;117;0;8m▄␛[48;2;160;0;15m␛[38;2;169;0;15m▄␛[48;2;176;0;9m␛[38;2;153;0;12m▄␛[48;2;91;0;3m␛[38;2;88;0;2m▄␛[48;2;76;0;0m␛[38;2;74;0;0m▄␛[48;2;52;0;0m␛[38;2;49;0;0m▄␛[48;2;30;0;0m␛[38;2;37;0;0m▄␛[0m
␛[48;2;0;8;66m␛[38;2;0;0;25m▄␛[48;2;0;2;12m␛[38;2;0;0;22m▄␛[48;2;0;0;4m␛[38;2;99;0;2m▄␛[48;2;0;0;14m␛[38;2;0;0;0m▄␛[48;2;0;0;9m␛[38;2;6;0;0m▄␛[48;2;0;0;8m␛[38;2;93;0;1m▄␛[48;2;0;0;9m␛[38;2;0;0;27m▄␛[48;2;0;0;28m␛[38;2;121;133;229m▄␛[48;2;3;30;103m␛[38;2;22;28;112m▄␛[48;2;3;22;109m␛[38;2;0;0;30m▄␛[48;2;174;0;10m␛[38;2;4;0;0m▄␛[48;2;180;0;15m␛[38;2;82;0;0m▄␛[48;2;139;0;13m␛[38;2;181;0;15m▄␛[48;2;73;0;0m␛[38;2;150;0;0m▄␛[48;2;21;0;0m␛[38;2;21;6;14m▄␛[48;2;31;102;0m␛[38;2;62;146;0m▄␛[48;2;64;150;0m␛[38;2;74;166;16m▄␛[48;2;0;22;0m␛[38;2;133;201;9m▄␛[48;2;61;138;14m␛[38;2;165;213;21m▄␛[48;2;60;42;0m␛[38;2;7;34;0m▄␛[48;2;109;199;9m␛[38;2;184;231;0m▄␛[48;2;235;192;0m␛[38;2;255;254;8m▄␛[48;2;46;98;0m␛[38;2;190;238;0m▄␛[48;2;57;94;25m␛[38;2;183;248;1m▄␛[48;2;72;186;0m␛[38;2;168;231;0m▄␛[48;2;58;187;0m␛[38;2;140;217;0m▄␛[48;2;25;72;4m␛[38;2;0;0;0m▄␛[48;2;0;60;0m␛[38;2;76;184;0m▄␛[48;2;68;39;0m␛[38;2;44;102;2m▄␛[48;2;0;45;3m␛[38;2;19;116;0m▄␛[48;2;0;21;0m␛[38;2;1;68;0m▄␛[48;2;129;0;13m␛[38;2;3;0;0m▄␛[48;2;104;0;8m␛[38;2;91;0;3m▄␛[48;2;118;0;9m␛[38;2;104;0;8m▄␛[48;2;162;0;14m␛[38;2;138;0;15m▄␛[48;2;163;0;14m␛[38;2;181;0;16m▄␛[48;2;88;0;2m␛[38;2;122;0;3m▄␛[48;2;78;0;1m␛[38;2;90;0;2m▄␛[48;2;63;0;0m␛[38;2;88;0;2m▄␛[48;2;58;0;0m␛[38;2;85;0;0m▄␛[0m
␛[48;2;0;0;32m␛[38;2;0;0;55m▄␛[48;2;31;0;0m␛[38;2;33;0;0m▄␛[48;2;81;0;0m␛[38;2;49;0;0m▄␛[48;2;4;0;0m␛[38;2;7;0;0m▄␛[48;2;0;0;7m␛[38;2;0;0;7m▄␛[48;2;51;0;3m␛[38;2;8;0;8m▄␛[48;2;0;15;38m␛[38;2;122;0;0m▄␛[48;2;0;0;19m␛[38;2;0;0;6m▄␛[48;2;0;0;15m␛[38;2;0;0;26m▄␛[48;2;1;3;38m␛[38;2;1;0;39m▄␛[48;2;0;0;24m␛[38;2;0;0;48m▄␛[48;2;0;6;90m␛[38;2;0;8;63m▄␛[48;2;0;2;62m␛[38;2;16;31;0m▄␛[48;2;0;26;3m␛[38;2;13;0;0m▄␛[48;2;27;85;1m␛[38;2;37;109;0m▄␛[48;2;73;159;1m␛[38;2;75;159;15m▄␛[48;2;213;176;40m␛[38;2;84;74;12m▄␛[48;2;128;211;10m␛[38;2;127;207;0m▄␛[48;2;154;222;0m␛[38;2;164;236;10m▄␛[48;2;145;180;0m␛[38;2;189;252;2m▄␛[48;2;192;238;3m␛[38;2;190;237;2m▄␛[48;2;229;216;0m␛[38;2;168;151;0m▄␛[48;2;193;241;0m␛[38;2;193;241;0m▄␛[48;2;189;255;4m␛[38;2;187;246;0m▄␛[48;2;171;238;0m␛[38;2;174;247;0m▄␛[48;2;142;218;4m␛[38;2;146;212;21m▄␛[48;2;32;19;0m␛[38;2;195;166;0m▄␛[48;2;88;184;8m␛[38;2;82;186;7m▄␛[48;2;69;158;0m␛[38;2;48;158;8m▄␛[48;2;0;14;0m␛[38;2;129;87;7m▄␛[48;2;31;98;0m␛[38;2;32;99;0m▄␛[48;2;69;43;0m␛[38;2;0;0;0m▄␛[48;2;90;0;2m␛[38;2;27;0;0m▄␛[48;2;98;0;3m␛[38;2;84;0;2m▄␛[48;2;103;0;7m␛[38;2;73;0;0m▄␛[48;2;144;0;9m␛[38;2;93;0;3m▄␛[48;2;170;0;16m␛[38;2;127;0;6m▄␛[48;2;151;0;9m␛[38;2;164;0;10m▄␛[48;2;160;0;13m␛[38;2;117;0;3m▄␛[48;2;138;0;6m␛[38;2;111;0;1m▄␛[0m
␛[48;2;9;0;84m␛[38;2;13;0;90m▄␛[48;2;4;0;0m␛[38;2;3;0;0m▄␛[48;2;0;0;0m␛[38;2;0;0;1m▄␛[38;2;0;0;0m▄▄␛[48;2;0;0;2m▄␛[48;2;24;0;0m␛[38;2;25;0;0m▄␛[48;2;160;0;13m␛[38;2;169;0;15m▄␛[48;2;121;0;3m␛[38;2;140;0;13m▄␛[48;2;36;0;0m␛[38;2;82;0;1m▄␛[48;2;10;0;0m␛[38;2;16;0;0m▄␛[48;2;1;18;109m␛[38;2;12;6;21m▄␛[48;2;4;12;0m␛[38;2;9;15;99m▄␛[48;2;0;9;0m␛[38;2;27;36;151m▄␛[48;2;0;3;0m␛[38;2;48;56;194m▄␛[48;2;0;18;0m␛[38;2;105;112;211m▄␛[48;2;110;196;4m␛[38;2;184;195;249m▄␛[48;2;124;207;2m␛[38;2;230;248;255m▄␛[48;2;141;189;39m␛[38;2;238;242;254m▄␛[48;2;10;30;0m␛[38;2;235;242;252m▄␛[48;2;0;3;0m␛[38;2;216;232;249m▄␛[48;2;37;51;0m␛[38;2;184;204;242m▄␛[48;2;192;244;0m␛[38;2;135;168;243m▄␛[48;2;196;247;0m␛[38;2;93;146;234m▄␛[48;2;22;24;0m␛[38;2;99;114;229m▄␛[48;2;0;1;0m␛[38;2;79;115;211m▄␛[48;2;0;0;0m␛[38;2;102;133;226m▄␛[48;2;81;187;0m␛[38;2;96;122;217m▄␛[48;2;57;153;0m␛[38;2;60;78;162m▄␛[48;2;0;42;0m␛[38;2;38;48;110m▄␛[48;2;10;64;0m␛[38;2;27;34;105m▄␛[48;2;8;52;0m␛[38;2;18;30;72m▄␛[48;2;19;48;0m␛[38;2;6;14;37m▄␛[48;2;96;0;9m␛[38;2;3;12;37m▄␛[48;2;52;0;0m␛[38;2;63;0;0m▄␛[48;2;39;0;0m␛[38;2;19;0;0m▄␛[48;2;90;0;3m␛[38;2;48;0;0m▄␛[48;2;106;0;6m␛[38;2;99;0;6m▄␛[48;2;98;0;4m␛[38;2;96;0;6m▄␛[48;2;21;0;0m␛[38;2;21;0;0m▄␛[0m
␛[48;2;15;0;98m␛[38;2;14;0;85m▄␛[48;2;64;0;0m␛[38;2;130;0;3m▄␛[48;2;0;0;1m␛[38;2;58;0;3m▄␛[48;2;0;0;38m␛[38;2;8;0;64m▄␛[48;2;0;0;9m␛[38;2;6;0;64m▄␛[48;2;0;0;0m␛[38;2;2;0;21m▄␛[48;2;12;0;0m␛[38;2;6;0;15m▄␛[48;2;123;0;4m␛[38;2;105;0;4m▄␛[48;2;138;0;9m␛[38;2;79;0;0m▄␛[48;2;100;0;4m␛[38;2;120;0;1m▄␛[48;2;44;0;0m␛[38;2;0;0;27m▄␛[48;2;1;0;0m␛[38;2;0;0;7m▄␛[48;2;0;0;0m␛[38;2;18;25;73m▄␛[48;2;0;0;1m␛[38;2;54;124;2m▄␛[48;2;0;0;7m␛[38;2;31;76;0m▄␛[48;2;0;0;21m␛[38;2;0;0;0m▄▄␛[48;2;0;0;27m␛[38;2;36;75;4m▄␛[48;2;0;0;25m␛[38;2;33;62;0m▄␛[48;2;10;10;43m␛[38;2;0;0;0m▄␛[48;2;3;15;58m␛[38;2;69;153;3m▄␛[48;2;0;10;50m␛[38;2;85;187;15m▄␛[48;2;0;3;49m␛[38;2;132;210;14m▄␛[48;2;0;3;45m␛[38;2;60;170;3m▄␛[48;2;0;7;42m␛[38;2;49;148;0m▄␛[48;2;0;8;33m␛[38;2;45;99;0m▄␛[48;2;0;19;46m␛[38;2;0;0;0m▄␛[48;2;0;13;36m␛[38;2;30;80;15m▄␛[48;2;0;0;19m␛[38;2;46;111;0m▄␛[48;2;0;0;3m␛[38;2;0;0;1m▄␛[48;2;0;0;4m␛[38;2;38;109;12m▄␛[48;2;0;0;0m␛[38;2;24;98;2m▄␛[38;2;0;48;0m▄␛[48;2;14;8;10m␛[38;2;112;127;226m▄␛[48;2;73;0;0m␛[38;2;26;0;64m▄␛[48;2;19;0;0m␛[38;2;48;0;0m▄␛[48;2;40;0;0m␛[38;2;57;0;0m▄␛[48;2;112;0;9m␛[38;2;163;0;4m▄␛[48;2;111;0;7m␛[38;2;162;0;12m▄␛[48;2;62;0;0m␛[38;2;100;0;4m▄␛[0m
␛[48;2;16;0;93m␛[38;2;10;19;102m▄␛[48;2;25;0;100m␛[38;2;19;0;74m▄␛[48;2;100;0;7m␛[38;2;7;1;78m▄␛[48;2;27;0;8m␛[38;2;114;0;0m▄␛[48;2;12;2;81m␛[38;2;10;0;27m▄␛[48;2;10;1;91m␛[38;2;13;6;98m▄␛[48;2;9;3;93m␛[38;2;14;7;99m▄␛[48;2;16;0;19m␛[38;2;9;3;76m▄␛[48;2;120;0;1m␛[38;2;25;0;0m▄␛[48;2;123;0;1m␛[38;2;102;0;0m▄␛[48;2;13;0;0m␛[38;2;4;45;0m▄␛[48;2;20;52;0m␛[38;2;36;106;7m▄␛[48;2;21;0;90m␛[38;2;48;128;0m▄␛[48;2;100;174;10m␛[38;2;3;20;0m▄␛[48;2;0;0;0m␛[38;2;0;0;0m▄␛[48;2;27;31;0m␛[38;2;46;120;0m▄␛[48;2;40;104;0m␛[38;2;78;177;7m▄␛[48;2;74;176;0m␛[38;2;80;187;0m▄␛[48;2;98;198;8m␛[38;2;115;187;1m▄␛[48;2;58;152;0m␛[38;2;98;192;4m▄␛[48;2;0;0;0m␛[38;2;0;0;0m▄␛[48;2;112;202;9m␛[38;2;34;86;0m▄␛[48;2;171;231;4m␛[38;2;97;168;10m▄␛[48;2;82;141;9m␛[38;2;37;43;12m▄␛[48;2;61;151;0m␛[38;2;13;22;0m▄␛[48;2;0;0;0m␛[38;2;27;78;0m▄␛[48;2;45;118;0m␛[38;2;6;79;0m▄␛[48;2;60;172;12m␛[38;2;20;0;0m▄␛[48;2;31;98;0m␛[38;2;163;96;68m▄␛[48;2;37;85;0m␛[38;2;0;0;0m▄␛[48;2;0;0;1m␛[38;2;24;30;0m▄␛[48;2;42;115;0m␛[38;2;58;70;22m▄␛[48;2;34;38;94m␛[38;2;42;109;0m▄␛[48;2;0;0;14m␛[38;2;49;128;0m▄␛[48;2;0;13;0m␛[38;2;21;91;0m▄␛[48;2;25;0;0m␛[38;2;0;8;0m▄␛[48;2;50;0;0m␛[38;2;7;0;0m▄␛[48;2;136;0;15m␛[38;2;90;0;3m▄␛[48;2;73;0;0m␛[38;2;74;0;0m▄␛[48;2;134;0;3m␛[38;2;129;0;4m▄␛[0m
␛[48;2;0;22;111m␛[38;2;4;0;34m▄␛[48;2;15;56;168m␛[38;2;4;0;62m▄␛[48;2;22;3;99m␛[38;2;3;32;118m▄␛[48;2;22;0;75m␛[38;2;22;51;157m▄␛[48;2;27;0;86m␛[38;2;0;0;62m▄␛[48;2;13;0;76m␛[38;2;33;39;142m▄␛[48;2;0;0;19m␛[38;2;8;0;81m▄␛[48;2;0;0;32m␛[38;2;0;0;0m▄␛[48;2;8;0;2m␛[38;2;22;0;0m▄␛[48;2;15;1;97m␛[38;2;1;0;72m▄␛[48;2;1;64;0m␛[38;2;37;39;157m▄␛[48;2;45;105;0m␛[38;2;12;90;0m▄␛[48;2;19;76;0m␛[38;2;135;205;1m▄␛[48;2;14;18;0m␛[38;2;48;117;0m▄␛[48;2;0;0;0m␛[38;2;48;93;7m▄␛[48;2;6;52;0m␛[38;2;124;204;2m▄␛[48;2;46;19;0m␛[38;2;58;127;0m▄␛[48;2;253;81;72m␛[38;2;0;12;0m▄␛[48;2;36;0;0m␛[38;2;74;156;0m▄␛[48;2;2;40;0m␛[38;2;37;0;0m▄␛[48;2;27;33;0m␛[38;2;19;22;0m▄␛[48;2;8;13;0m␛[38;2;0;0;0m▄␛[48;2;32;78;4m␛[38;2;128;172;6m▄␛[48;2;37;42;4m␛[38;2;28;90;0m▄␛[48;2;25;32;0m␛[38;2;21;34;0m▄␛[48;2;0;16;0m␛[38;2;115;0;4m▄␛[48;2;216;55;30m␛[38;2;26;48;0m▄␛[48;2;129;222;16m␛[38;2;56;128;0m▄␛[48;2;81;152;4m␛[38;2;86;175;18m▄␛[48;2;55;124;4m␛[38;2;49;142;0m▄␛[48;2;55;126;0m␛[38;2;52;126;4m▄␛[48;2;48;118;0m␛[38;2;52;114;0m▄␛[48;2;40;66;0m␛[38;2;15;57;0m▄␛[48;2;64;144;0m␛[38;2;54;138;0m▄␛[48;2;27;99;2m␛[38;2;20;79;4m▄␛[48;2;8;43;0m␛[38;2;30;30;181m▄␛[48;2;31;18;100m␛[38;2;0;0;7m▄␛[48;2;3;0;0m␛[38;2;0;0;0m▄␛[48;2;121;0;2m␛[38;2;4;0;0m▄␛[48;2;152;0;12m␛[38;2;38;0;0m▄␛[0m
␛[48;2;0;0;0m␛[38;2;0;0;6m▄␛[38;2;0;0;0m▄␛[48;2;7;16;84m␛[38;2;19;0;0m▄␛[48;2;2;24;110m␛[38;2;54;0;0m▄␛[48;2;1;22;109m␛[38;2;0;10;90m▄␛[48;2;20;45;148m␛[38;2;33;73;201m▄␛[48;2;6;6;70m␛[38;2;2;7;64m▄␛[48;2;0;0;0m␛[38;2;16;0;0m▄␛[48;2;10;0;0m␛[38;2;0;54;0m▄␛[48;2;0;0;2m␛[38;2;42;61;134m▄␛[48;2;144;172;246m␛[38;2;18;58;8m▄␛[48;2;20;139;4m␛[38;2;68;158;0m▄␛[48;2;52;165;8m␛[38;2;48;139;0m▄␛[48;2;52;134;0m␛[38;2;80;166;0m▄␛[48;2;1;4;0m␛[38;2;27;31;0m▄␛[48;2;45;115;0m␛[38;2;0;0;0m▄␛[48;2;69;175;2m␛[38;2;44;39;4m▄␛[48;2;78;180;8m␛[38;2;21;48;0m▄␛[48;2;28;54;0m␛[38;2;39;45;0m▄␛[48;2;21;37;0m␛[38;2;4;7;0m▄␛[48;2;0;0;0m␛[38;2;0;0;0m▄␛[48;2;0;0;10m␛[38;2;1;1;14m▄␛[48;2;67;148;0m␛[38;2;103;183;24m▄␛[48;2;79;142;20m␛[38;2;13;0;80m▄␛[48;2;8;36;84m␛[38;2;2;26;0m▄␛[48;2;0;0;0m␛[38;2;0;0;0m▄␛[48;2;37;70;0m▄␛[48;2;54;124;0m␛[38;2;44;74;2m▄␛[48;2;37;136;0m␛[38;2;21;62;0m▄␛[48;2;73;170;1m␛[38;2;0;0;0m▄␛[48;2;25;21;8m␛[38;2;4;7;0m▄␛[48;2;14;26;0m␛[38;2;50;103;9m▄␛[48;2;0;10;0m␛[38;2;15;73;0m▄␛[48;2;61;127;2m␛[38;2;80;166;0m▄␛[48;2;31;15;159m␛[38;2;63;148;0m▄␛[48;2;0;0;3m␛[38;2;34;15;134m▄␛[48;2;0;9;0m␛[38;2;0;0;0m▄␛[48;2;0;0;20m␛[38;2;0;20;0m▄␛[48;2;0;0;8m␛[38;2;7;0;58m▄␛[48;2;0;0;0m␛[38;2;2;0;37m▄␛[0m
␛[48;2;0;0;12m␛[38;2;0;0;0m▄␛[48;2;0;0;0m␛[38;2;1;0;0m▄␛[48;2;63;0;0m␛[38;2;103;0;1m▄␛[48;2;123;0;6m␛[38;2;111;0;1m▄␛[48;2;0;9;7m␛[38;2;74;0;0m▄␛[48;2;12;18;34m␛[38;2;22;67;208m▄␛[48;2;13;7;44m␛[38;2;4;0;48m▄␛[48;2;0;0;0m␛[38;2;13;73;3m▄␛[48;2;19;0;60m␛[38;2;19;38;165m▄␛[48;2;38;63;214m␛[38;2;18;63;8m▄␛[48;2;52;122;0m␛[38;2;52;146;0m▄␛[48;2;73;165;8m␛[38;2;58;152;8m▄␛[48;2;67;172;0m␛[38;2;69;170;3m▄␛[48;2;49;130;0m␛[38;2;93;192;9m▄␛[48;2;114;204;8m␛[38;2;128;211;0m▄␛[48;2;103;180;0m␛[38;2;70;154;7m▄␛[48;2;134;208;2m␛[38;2;43;108;0m▄␛[48;2;116;206;1m␛[38;2;30;58;0m▄␛[48;2;105;168;16m␛[38;2;0;0;0m▄␛[48;2;19;22;0m␛[38;2;36;49;2m▄␛[48;2;109;172;7m␛[38;2;16;30;0m▄␛[48;2;102;192;3m␛[38;2;0;0;0m▄␛[48;2;130;172;32m␛[38;2;181;226;8m▄␛[48;2;110;193;16m␛[38;2;44;98;0m▄␛[48;2;87;176;0m␛[38;2;0;0;0m▄␛[48;2;0;16;0m␛[38;2;44;81;15m▄␛[48;2;56;108;7m␛[38;2;14;14;0m▄␛[48;2;99;165;6m␛[38;2;12;14;0m▄␛[48;2;103;189;0m␛[38;2;24;26;0m▄␛[48;2;141;220;3m␛[38;2;32;61;0m▄␛[48;2;102;195;19m␛[38;2;43;91;0m▄␛[48;2;66;174;4m␛[38;2;48;108;0m▄␛[48;2;75;160;2m␛[38;2;45;103;0m▄␛[48;2;48;144;6m␛[38;2;0;16;7m▄␛[48;2;54;124;0m␛[38;2;51;138;1m▄␛[48;2;50;122;0m␛[38;2;42;128;8m▄␛[48;2;0;0;33m␛[38;2;25;30;176m▄␛[48;2;0;42;0m␛[38;2;0;0;26m▄␛[48;2;0;0;33m␛[38;2;0;7;0m▄␛[48;2;3;0;79m␛[38;2;8;2;92m▄␛[0m
␛[48;2;26;0;0m␛[38;2;91;0;3m▄␛[48;2;8;0;0m␛[38;2;22;14;148m▄␛[48;2;97;0;0m␛[38;2;0;20;68m▄␛[48;2;74;0;0m␛[38;2;86;0;0m▄␛[48;2;7;55;147m␛[38;2;9;38;111m▄␛[48;2;22;43;115m␛[38;2;3;0;30m▄␛[48;2;3;0;52m␛[38;2;7;0;0m▄␛[48;2;43;91;4m␛[38;2;4;52;0m▄␛[48;2;14;16;117m␛[38;2;10;4;97m▄␛[48;2;50;142;0m␛[38;2;69;159;3m▄␛[48;2;62;152;2m␛[38;2;70;164;7m▄␛[48;2;28;3;170m␛[38;2;0;0;0m▄␛[48;2;19;0;0m␛[38;2;67;7;13m▄␛[48;2;3;0;39m␛[38;2;74;0;8m▄␛[48;2;0;16;0m␛[38;2;108;0;26m▄␛[48;2;25;20;0m␛[38;2;108;0;4m▄␛[48;2;25;32;0m␛[38;2;130;0;25m▄␛[48;2;32;79;12m␛[38;2;156;0;37m▄␛[48;2;96;0;0m␛[38;2;90;0;0m▄␛[48;2;255;18;75m␛[38;2;247;43;62m▄␛[48;2;48;0;0m␛[38;2;255;85;93m▄␛[48;2;20;84;0m␛[38;2;220;0;32m▄␛[48;2;7;36;0m␛[38;2;255;10;63m▄␛[48;2;40;79;2m␛[38;2;235;0;49m▄␛[48;2;39;75;1m␛[38;2;230;0;51m▄␛[48;2;255;10;76m␛[38;2;213;18;58m▄␛[48;2;255;100;110m␛[38;2;129;0;13m▄␛[48;2;246;54;75m␛[38;2;120;0;3m▄␛[48;2;108;0;28m␛[38;2;127;0;6m▄␛[48;2;64;0;13m␛[38;2;96;0;4m▄␛[48;2;128;0;30m␛[38;2;69;0;0m▄␛[48;2;189;0;34m␛[38;2;7;0;0m▄␛[48;2;122;0;16m␛[38;2;128;0;14m▄␛[48;2;0;0;0m␛[38;2;0;0;0m▄␛[48;2;0;19;0m␛[38;2;0;38;124m▄␛[48;2;51;133;1m␛[38;2;58;139;1m▄␛[48;2;0;4;0m␛[38;2;37;30;104m▄␛[48;2;12;0;98m␛[38;2;0;0;32m▄␛[48;2;0;26;0m␛[38;2;6;44;2m▄␛[48;2;1;0;75m␛[38;2;7;0;74m▄␛[0m
␛[48;2;92;0;4m␛[38;2;66;0;0m▄␛[48;2;27;0;114m␛[38;2;18;0;0m▄␛[48;2;0;10;50m␛[38;2;14;4;80m▄␛[48;2;0;0;33m␛[38;2;1;0;18m▄␛[48;2;9;0;66m␛[38;2;122;0;0m▄␛[48;2;0;0;0m␛[38;2;82;0;0m▄␛[48;2;0;21;0m␛[38;2;27;72;0m▄␛[48;2;46;94;16m␛[38;2;32;97;0m▄␛[48;2;14;30;129m␛[38;2;15;0;106m▄␛[48;2;62;168;0m␛[38;2;34;37;187m▄␛[48;2;68;162;0m␛[38;2;48;28;153m▄␛[48;2;13;0;84m␛[38;2;28;61;0m▄␛[48;2;0;0;0m␛[38;2;0;0;0m▄␛[48;2;105;0;21m␛[38;2;74;0;3m▄␛[48;2;44;31;31m␛[38;2;2;9;3m▄␛[48;2;0;0;0m␛[38;2;0;0;0m▄␛[48;2;10;10;0m␛[38;2;52;54;24m▄␛[48;2;4;4;0m␛[38;2;67;63;3m▄␛[48;2;79;40;49m␛[38;2;19;15;0m▄␛[48;2;136;63;67m␛[38;2;156;152;0m▄␛[48;2;147;62;80m␛[38;2;57;51;0m▄␛[48;2;40;2;0m␛[38;2;255;255;18m▄␛[48;2;138;64;61m␛[38;2;128;120;4m▄␛[48;2;170;96;105m␛[38;2;255;255;198m▄␛[48;2;84;30;32m␛[38;2;255;255;110m▄␛[48;2;159;69;69m␛[38;2;82;84;0m▄␛[48;2;102;66;62m␛[38;2;200;194;12m▄␛[48;2;76;19;25m␛[38;2;154;148;36m▄␛[48;2;22;22;1m␛[38;2;0;0;0m▄␛[48;2;67;62;0m␛[38;2;50;45;0m▄␛[48;2;20;20;4m␛[38;2;20;18;10m▄␛[48;2;223;21;57m␛[38;2;192;37;63m▄␛[48;2;106;0;14m␛[38;2;26;0;0m▄␛[48;2;0;0;0m␛[38;2;16;22;0m▄␛[48;2;0;0;15m␛[38;2;14;7;74m▄␛[48;2;92;150;10m␛[38;2;70;64;151m▄␛[48;2;0;0;20m␛[38;2;8;0;33m▄␛[48;2;3;54;0m␛[38;2;22;78;0m▄␛[48;2;7;51;0m␛[38;2;18;72;0m▄␛[48;2;0;0;26m␛[38;2;12;25;61m▄␛[0m
␛[48;2;54;0;0m␛[38;2;40;0;0m▄␛[48;2;19;0;0m␛[38;2;31;0;0m▄␛[48;2;4;0;0m␛[38;2;6;0;0m▄␛[48;2;104;0;0m␛[38;2;40;0;0m▄␛[48;2;178;0;21m␛[38;2;138;0;6m▄␛[48;2;9;2;66m␛[38;2;0;0;0m▄␛[48;2;6;0;76m␛[38;2;15;0;84m▄␛[48;2;36;102;0m␛[38;2;19;1;91m▄␛[48;2;49;115;10m␛[38;2;60;142;0m▄␛[48;2;10;0;64m␛[38;2;32;110;4m▄␛[48;2;22;0;93m␛[38;2;4;76;0m▄␛[48;2;38;130;0m␛[38;2;50;138;0m▄␛[48;2;0;0;0m␛[38;2;24;68;0m▄␛[48;2;150;0;16m␛[38;2;0;13;0m▄␛[48;2;122;0;25m␛[38;2;79;0;14m▄␛[48;2;19;16;9m␛[38;2;138;0;28m▄␛[48;2;9;9;0m␛[38;2;62;63;31m▄␛[48;2;1;0;0m␛[38;2;0;0;0m▄␛[48;2;0;0;0m␛[38;2;136;129;50m▄␛[48;2;170;157;7m␛[38;2;182;174;28m▄␛[48;2;114;110;0m␛[38;2;42;36;0m▄␛[48;2;255;243;26m␛[38;2;231;222;0m▄␛[48;2;153;135;0m␛[38;2;121;130;0m▄␛[48;2;255;254;20m␛[38;2;241;228;0m▄␛[48;2;255;255;118m␛[38;2;61;57;0m▄␛[48;2;16;4;0m␛[38;2;237;236;19m▄␛[48;2;129;117;4m␛[38;2;214;211;42m▄␛[48;2;27;24;0m␛[38;2;78;69;0m▄␛[48;2;4;4;0m␛[38;2;96;90;0m▄␛[48;2;0;0;0m␛[38;2;78;72;33m▄␛[48;2;12;0;0m␛[38;2;250;38;76m▄␛[48;2;94;0;15m␛[38;2;174;1;30m▄␛[48;2;24;30;0m␛[38;2;20;25;0m▄␛[48;2;55;103;0m␛[38;2;132;190;4m▄␛[48;2;12;72;0m␛[38;2;36;102;6m▄␛[48;2;38;16;121m␛[38;2;0;68;0m▄␛[48;2;0;45;0m␛[38;2;44;117;0m▄␛[48;2;40;104;0m␛[38;2;21;103;0m▄␛[48;2;6;34;0m␛[38;2;12;13;63m▄␛[48;2;7;24;87m␛[38;2;3;0;28m▄␛[0m
␛[48;2;22;0;0m␛[38;2;12;0;0m▄␛[48;2;26;0;0m␛[38;2;10;0;0m▄␛[48;2;19;0;0m␛[38;2;32;0;0m▄␛[48;2;34;0;0m␛[38;2;45;0;0m▄␛[48;2;100;0;1m␛[38;2;98;0;4m▄␛[48;2;122;0;2m␛[38;2;139;0;14m▄␛[48;2;0;0;0m␛[38;2;0;0;7m▄␛[48;2;32;0;138m␛[38;2;0;0;0m▄␛[48;2;46;0;178m␛[38;2;6;0;30m▄␛[48;2;86;166;13m␛[38;2;36;8;158m▄␛[48;2;32;130;0m␛[38;2;31;18;136m▄␛[48;2;39;140;4m␛[38;2;38;146;0m▄␛[48;2;81;163;2m␛[38;2;105;190;0m▄␛[48;2;3;9;0m␛[38;2;20;31;0m▄␛[48;2;255;38;82m␛[38;2;0;44;0m▄␛[48;2;109;0;15m␛[38;2;240;99;103m▄␛[48;2;6;0;0m␛[38;2;114;0;20m▄␛[48;2;0;3;0m␛[38;2;139;12;46m▄␛[48;2;38;28;0m␛[38;2;67;16;15m▄␛[48;2;49;58;0m␛[38;2;136;58;58m▄␛[48;2;92;98;6m␛[38;2;157;66;60m▄␛[48;2;175;171;3m␛[38;2;189;85;87m▄␛[48;2;117;115;0m␛[38;2;192;76;82m▄␛[48;2;232;223;24m␛[38;2;214;87;90m▄␛[48;2;50;67;0m␛[38;2;190;85;84m▄␛[48;2;36;51;0m␛[38;2;181;74;75m▄␛[48;2;84;86;0m␛[38;2;144;76;73m▄␛[48;2;4;0;0m␛[38;2;68;8;14m▄␛[48;2;49;10;13m␛[38;2;217;0;54m▄␛[48;2;0;0;0m␛[38;2;255;43;81m▄␛[48;2;138;0;16m␛[38;2;135;4;33m▄␛[48;2;7;7;0m␛[38;2;30;79;0m▄␛[48;2;18;22;0m␛[38;2;110;159;2m▄␛[48;2;37;133;0m␛[38;2;43;133;0m▄␛[48;2;40;121;0m␛[38;2;34;121;0m▄␛[48;2;40;117;1m␛[38;2;2;22;103m▄␛[48;2;19;78;0m␛[38;2;64;78;192m▄␛[48;2;15;0;81m␛[38;2;0;0;30m▄␛[48;2;0;0;21m␛[38;2;0;0;0m▄␛[48;2;0;0;0m▄␛[0m
␛[48;2;21;0;0m␛[38;2;96;0;0m▄␛[48;2;10;0;0m␛[38;2;15;0;0m▄␛[48;2;20;0;0m␛[38;2;27;0;0m▄␛[48;2;46;0;0m␛[38;2;36;0;0m▄␛[48;2;82;0;1m␛[38;2;58;0;0m▄␛[48;2;138;0;10m␛[38;2;112;0;4m▄␛[48;2;9;2;66m␛[38;2;10;0;68m▄␛[48;2;34;56;0m␛[38;2;0;36;0m▄␛[48;2;0;22;0m␛[38;2;0;0;6m▄␛[48;2;0;0;0m␛[38;2;1;0;45m▄␛[48;2;0;0;10m␛[38;2;0;0;56m▄␛[48;2;27;52;182m␛[38;2;0;0;28m▄␛[48;2;0;1;51m␛[38;2;109;138;232m▄␛[48;2;60;135;26m␛[38;2;69;108;225m▄␛[48;2;8;72;0m␛[38;2;36;138;0m▄␛[48;2;0;24;0m␛[38;2;22;108;2m▄␛[48;2;255;111;129m␛[38;2;0;48;0m▄␛[48;2;63;0;2m␛[38;2;255;129;133m▄␛[48;2;104;0;6m␛[38;2;255;144;141m▄␛[48;2;121;18;30m␛[38;2;254;67;90m▄␛[48;2;216;22;61m␛[38;2;213;30;55m▄␛[48;2;255;0;60m␛[38;2;218;16;52m▄␛[48;2;254;8;62m␛[38;2;211;19;54m▄␛[48;2;255;26;66m␛[38;2;184;6;38m▄␛[48;2;255;14;67m␛[38;2;192;0;39m▄␛[48;2;255;0;55m␛[38;2;156;0;28m▄␛[48;2;255;19;82m␛[38;2;147;0;31m▄␛[48;2;98;0;0m␛[38;2;106;0;3m▄␛[48;2;199;8;58m␛[38;2;169;9;27m▄␛[48;2;70;0;0m␛[38;2;13;0;0m▄␛[48;2;33;3;0m␛[38;2;44;124;0m▄␛[48;2;34;87;0m␛[38;2;73;156;6m▄␛[48;2;66;150;0m␛[38;2;55;93;202m▄␛[48;2;60;93;232m␛[38;2;14;13;99m▄␛[48;2;75;123;198m␛[38;2;20;0;73m▄␛[48;2;0;0;51m␛[38;2;0;13;0m▄␛[48;2;0;0;28m␛[38;2;0;37;0m▄␛[48;2;0;1;0m␛[38;2;19;58;0m▄␛[48;2;0;7;0m␛[38;2;0;0;0m▄␛[48;2;0;0;42m␛[38;2;9;18;79m▄␛[0m
␛[48;2;120;0;4m␛[38;2;120;0;2m▄␛[48;2;86;0;1m␛[38;2;138;0;9m▄␛[48;2;38;0;0m␛[38;2;68;0;0m▄␛[48;2;55;0;0m␛[38;2;91;0;3m▄␛[48;2;26;0;0m␛[38;2;49;0;0m▄␛[48;2;61;0;0m␛[38;2;10;0;0m▄␛[48;2;28;7;138m␛[38;2;48;0;0m▄␛[48;2;33;14;154m␛[38;2;0;0;0m▄␛[48;2;3;55;0m␛[38;2;20;42;129m▄␛[48;2;0;63;0m␛[38;2;38;38;139m▄␛[48;2;10;3;78m␛[38;2;0;31;0m▄␛[48;2;0;0;21m␛[38;2;14;8;75m▄␛[48;2;3;0;55m␛[38;2;0;10;0m▄␛[48;2;118;141;237m␛[38;2;10;15;122m▄␛[48;2;26;55;142m␛[38;2;15;85;207m▄␛[48;2;73;163;9m␛[38;2;0;86;0m▄␛[48;2;64;154;1m␛[38;2;70;165;0m▄␛[48;2;8;81;0m␛[38;2;74;165;4m▄␛[48;2;6;48;0m␛[38;2;12;0;98m▄␛[48;2;40;0;86m␛[38;2;19;0;70m▄␛[48;2;48;0;146m␛[38;2;4;0;61m▄␛[48;2;48;6;140m␛[38;2;16;3;58m▄␛[48;2;0;57;0m␛[38;2;0;2;1m▄␛[48;2;0;87;0m␛[38;2;62;8;174m▄␛[48;2;58;3;166m␛[38;2;0;0;73m▄␛[48;2;34;1;148m␛[38;2;14;0;94m▄␛[48;2;42;1;141m␛[38;2;0;0;0m▄␛[48;2;27;84;0m␛[38;2;27;0;110m▄␛[48;2;24;85;0m␛[38;2;66;147;4m▄␛[48;2;54;133;1m␛[38;2;57;147;0m▄␛[48;2;51;144;0m␛[38;2;0;38;7m▄␛[48;2;3;9;73m␛[38;2;0;14;109m▄␛[48;2;15;19;92m␛[38;2;38;9;128m▄␛[48;2;1;0;24m␛[38;2;30;0;87m▄␛[48;2;6;0;42m␛[38;2;43;85;2m▄␛[48;2;0;38;0m␛[38;2;33;90;0m▄␛[48;2;31;87;0m␛[38;2;0;0;15m▄␛[48;2;21;54;0m␛[38;2;10;39;139m▄␛[48;2;24;18;104m␛[38;2;25;0;0m▄␛[48;2;0;0;0m␛[38;2;117;0;2m▄␛[0m
␛[48;2;52;0;0m␛[38;2;2;0;0m▄␛[48;2;164;0;9m␛[38;2;93;0;0m▄␛[48;2;98;0;4m␛[38;2;81;0;2m▄␛[48;2;97;0;4m␛[38;2;75;0;1m▄␛[48;2;99;0;6m␛[38;2;96;0;6m▄␛[48;2;16;0;0m␛[38;2;57;0;0m▄␛[48;2;14;0;0m␛[38;2;3;0;0m▄␛[48;2;73;0;0m␛[38;2;19;0;0m▄␛[48;2;44;0;0m␛[38;2;72;0;0m▄␛[48;2;21;8;69m␛[38;2;1;0;58m▄␛[48;2;6;2;46m␛[38;2;0;10;0m▄␛[48;2;12;9;52m␛[38;2;0;33;0m▄␛[48;2;0;30;0m␛[38;2;10;84;0m▄␛[48;2;0;19;0m␛[38;2;12;85;0m▄␛[48;2;24;33;134m␛[38;2;0;28;0m▄␛[48;2;9;60;201m␛[38;2;31;1;126m▄␛[48;2;19;109;0m␛[38;2;27;26;171m▄␛[48;2;57;156;2m␛[38;2;0;88;0m▄␛[48;2;4;0;44m␛[38;2;0;33;0m▄␛[48;2;2;27;0m␛[38;2;34;69;0m▄␛[48;2;32;32;177m␛[38;2;12;104;0m▄␛[48;2;40;33;159m␛[38;2;15;87;0m▄␛[48;2;51;12;136m␛[38;2;43;6;127m▄␛[48;2;0;0;32m␛[38;2;26;21;112m▄␛[48;2;0;32;0m␛[38;2;0;66;0m▄␛[48;2;0;66;0m␛[38;2;40;117;0m▄␛[48;2;14;14;86m␛[38;2;45;112;3m▄␛[48;2;3;0;48m␛[38;2;37;102;0m▄␛[48;2;48;124;1m␛[38;2;0;68;0m▄␛[48;2;28;96;0m␛[38;2;15;44;186m▄␛[48;2;24;67;201m␛[38;2;7;0;46m▄␛[48;2;20;9;100m␛[38;2;0;4;0m▄␛[48;2;6;25;0m␛[38;2;28;72;0m▄␛[48;2;6;2;48m␛[38;2;30;90;0m▄␛[48;2;37;36;152m␛[38;2;16;80;0m▄␛[48;2;26;36;116m␛[38;2;38;76;0m▄␛[48;2;10;0;22m␛[38;2;25;25;97m▄␛[48;2;0;0;22m␛[38;2;7;7;57m▄␛[48;2;88;0;1m␛[38;2;9;0;0m▄␛[48;2;94;0;2m␛[38;2;109;0;0m▄␛[0m
␛[48;2;0;0;0m␛[38;2;0;0;0m▄␛[48;2;78;0;1m␛[38;2;120;0;0m▄␛[48;2;85;0;1m␛[38;2;141;0;7m▄␛[48;2;28;0;0m␛[38;2;42;0;0m▄␛[48;2;58;0;0m␛[38;2;0;0;0m▄␛[48;2;85;0;4m␛[38;2;30;0;0m▄␛[48;2;28;0;0m␛[38;2;61;0;0m▄␛[48;2;0;0;0m␛[38;2;2;0;0m▄␛[48;2;12;0;0m␛[38;2;0;0;0m▄␛[48;2;1;0;26m␛[38;2;63;0;0m▄␛[48;2;25;12;127m␛[38;2;37;0;0m▄␛[48;2;24;20;145m␛[38;2;0;0;0m▄␛[48;2;32;28;132m␛[38;2;31;40;98m▄␛[48;2;24;33;135m␛[38;2;62;72;139m▄␛[48;2;0;6;76m␛[38;2;58;94;193m▄␛[48;2;6;27;2m␛[38;2;21;44;188m▄␛[48;2;14;2;56m␛[38;2;32;13;151m▄␛[48;2;31;14;165m␛[38;2;19;0;96m▄␛[48;2;0;39;0m␛[38;2;39;49;201m▄␛[48;2;4;97;1m␛[38;2;38;50;192m▄␛[48;2;39;116;0m␛[38;2;0;3;12m▄␛[48;2;3;54;0m␛[38;2;62;58;187m▄␛[48;2;27;6;118m␛[38;2;21;0;121m▄␛[48;2;0;0;66m␛[38;2;10;0;56m▄␛[48;2;0;48;0m␛[38;2;25;34;171m▄␛[48;2;31;110;0m␛[38;2;7;58;4m▄␛[48;2;39;103;0m␛[38;2;2;12;27m▄␛[48;2;0;55;0m␛[38;2;64;103;223m▄␛[48;2;45;75;202m␛[38;2;27;0;110m▄␛[48;2;20;0;61m␛[38;2;8;0;20m▄␛[48;2;0;0;0m␛[38;2;20;14;141m▄␛[48;2;0;2;56m␛[38;2;0;2;45m▄␛[48;2;22;76;201m␛[38;2;7;18;120m▄␛[48;2;24;73;198m␛[38;2;0;0;33m▄␛[48;2;30;72;183m␛[38;2;2;0;8m▄␛[48;2;57;67;186m␛[38;2;145;0;10m▄␛[48;2;0;0;32m␛[38;2;183;0;14m▄␛[48;2;94;0;0m␛[38;2;177;0;16m▄␛[48;2;19;0;0m␛[38;2;108;0;6m▄␛[48;2;15;0;0m␛[38;2;12;0;0m▄␛[0m
␛[48;2;0;0;0m␛[38;2;0;0;0m▄␛[48;2;91;0;0m␛[38;2;10;0;0m▄␛[48;2;63;0;0m␛[38;2;111;0;8m▄␛[48;2;109;0;8m␛[38;2;109;0;9m▄␛[48;2;0;0;0m␛[38;2;18;0;0m▄␛[48;2;4;0;9m␛[38;2;10;1;81m▄␛[48;2;30;0;0m␛[38;2;8;0;37m▄␛[48;2;27;0;0m␛[38;2;22;0;0m▄␛[48;2;13;0;0m▄␛[48;2;110;0;7m␛[38;2;136;0;8m▄␛[48;2;91;0;0m␛[38;2;115;0;2m▄␛[48;2;18;0;0m␛[38;2;79;0;1m▄␛[48;2;0;0;0m␛[38;2;0;0;0m▄▄␛[48;2;0;44;0m␛[38;2;0;98;206m▄␛[48;2;0;0;16m␛[38;2;0;115;226m▄␛[48;2;8;0;103m␛[38;2;58;157;253m▄␛[48;2;27;14;174m␛[38;2;111;188;241m▄␛[48;2;30;1;97m␛[38;2;150;198;255m▄␛[48;2;34;7;151m␛[38;2;154;205;249m▄␛[48;2;48;20;168m␛[38;2;153;200;240m▄␛[48;2;44;22;127m␛[38;2;148;181;232m▄␛[48;2;0;42;0m␛[38;2;139;175;229m▄␛[48;2;39;90;0m␛[38;2;129;165;229m▄␛[48;2;18;0;90m␛[38;2;120;158;235m▄␛[48;2;54;21;138m␛[38;2;104;156;236m▄␛[48;2;33;1;134m␛[38;2;72;145;228m▄␛[48;2;32;2;127m␛[38;2;27;127;210m▄␛[48;2;0;0;15m␛[38;2;16;88;175m▄␛[48;2;8;7;66m␛[38;2;6;63;138m▄␛[48;2;3;0;37m␛[38;2;4;46;102m▄␛[48;2;3;51;0m␛[38;2;8;26;78m▄␛[48;2;0;14;0m␛[38;2;141;0;9m▄␛[48;2;45;0;0m␛[38;2;140;0;4m▄␛[48;2;90;0;1m␛[38;2;97;0;4m▄␛[48;2;170;0;16m␛[38;2;177;0;16m▄␛[48;2;178;0;18m␛[38;2;178;0;18m▄␛[48;2;158;0;13m␛[38;2;178;0;14m▄␛[48;2;130;0;6m␛[38;2;120;0;6m▄␛[48;2;88;0;1m␛[38;2;151;0;9m▄␛[0m
␛[48;2;0;0;50m␛[38;2;0;0;50m▄␛[48;2;0;0;0m␛[38;2;2;0;48m▄␛[48;2;30;0;0m␛[38;2;0;0;0m▄␛[48;2;153;0;6m␛[38;2;55;0;0m▄␛[48;2;56;0;0m␛[38;2;56;0;0m▄␛[48;2;6;0;62m␛[38;2;2;0;16m▄␛[48;2;2;0;50m␛[38;2;0;0;46m▄␛[48;2;4;0;14m␛[38;2;3;0;57m▄␛[48;2;0;0;0m␛[38;2;0;0;1m▄␛[48;2;69;0;0m␛[38;2;0;0;0m▄␛[48;2;61;0;0m␛[38;2;114;0;3m▄␛[48;2;116;0;7m␛[38;2;55;0;0m▄␛[48;2;4;0;0m␛[38;2;74;0;0m▄␛[48;2;0;0;3m␛[38;2;0;0;27m▄␛[48;2;1;6;68m␛[38;2;0;0;33m▄␛[48;2;0;19;97m␛[38;2;0;0;56m▄␛[48;2;0;37;117m␛[38;2;0;1;50m▄␛[48;2;16;57;138m␛[38;2;1;0;58m▄␛[48;2;32;88;160m␛[38;2;0;20;87m▄␛[48;2;32;74;144m␛[38;2;0;32;93m▄␛[48;2;26;55;128m␛[38;2;0;34;98m▄␛[48;2;14;49;134m␛[38;2;6;42;109m▄␛[48;2;26;57;118m␛[38;2;25;45;117m▄␛[48;2;1;25;70m␛[38;2;24;37;108m▄␛[48;2;0;10;50m␛[38;2;22;28;78m▄␛[48;2;0;14;51m␛[38;2;16;14;62m▄␛[48;2;0;8;46m␛[38;2;9;3;45m▄␛[48;2;0;7;45m␛[38;2;3;0;32m▄␛[48;2;0;3;38m␛[38;2;0;0;37m▄␛[48;2;0;0;28m␛[38;2;0;0;26m▄␛[48;2;0;0;8m␛[38;2;0;1;25m▄␛[38;2;2;3;25m▄␛[48;2;44;0;0m␛[38;2;48;0;0m▄␛[48;2;96;0;6m␛[38;2;67;0;0m▄␛[48;2;159;0;10m␛[38;2;75;0;0m▄␛[48;2;175;0;15m␛[38;2;99;0;7m▄␛[48;2;145;0;10m␛[38;2;96;0;2m▄␛[48;2;180;0;20m␛[38;2;153;0;9m▄␛[48;2;184;0;15m␛[38;2;184;0;20m▄␛[48;2;166;0;13m␛[38;2;166;0;10m▄␛[0m
