[38;2;147;163;201;48;2;46;105;151m▄[38;2;12;20;39;48;2;98;121;163m▄[38;2;27;30;45;48;2;63;68;94m▄[38;2;64;70;93;48;2;85;89;121m▄[38;2;83;87;120;48;2;89;92;132m▄[38;2;56;66;91;48;2;81;90;120m▄[38;2;58;68;93;48;2;59;68;98m▄[38;2;55;64;91;48;2;61;70;97m▄[38;2;110;119;147;48;2;61;71;94m▄[38;2;49;58;86;48;2;46;56;79m▄[38;2;48;58;79;48;2;33;46;59m▄[38;2;33;45;60;48;2;42;53;69m▄[38;2;40;50;64;48;2;43;52;70m▄[38;2;49;56;73;48;2;34;41;58m▄[38;2;34;42;59;48;2;41;48;65m▄[38;2;38;49;68;48;2;44;55;74m▄[38;2;46;56;77;48;2;35;48;61m▄[38;2;39;48;69;48;2;33;45;54m▄[38;2;26;34;46;48;2;38;47;56m▄[38;2;29;38;45;48;2;26;35;46m▄[38;2;16;26;45;48;2;40;89;125m▄[38;2;8;86;117;48;2;23;74;107m▄[38;2;14;72;92;48;2;5;72;94m▄[38;2;4;56;73;48;2;11;75;97m▄[38;2;35;89;125;48;2;0;81;102m▄[38;2;55;110;160;48;2;71;130;174m▄[38;2;27;51;89;48;2;139;165;214m▄[38;2;127;130;149;48;2;54;60;87m▄[38;2;201;197;218;48;2;174;169;191m▄[38;2;69;73;99;48;2;203;209;221m▄[38;2;40;46;66;48;2;85;90;119m▄[38;2;36;43;58;48;2;44;50;70m▄[38;2;33;41;56;48;2;35;43;55m▄[38;2;35;45;60;48;2;37;43;56m▄[38;2;45;55;69;48;2;37;42;55m▄[38;2;43;58;73;48;2;34;49;64m▄[38;2;46;61;79;48;2;44;59;77m▄[38;2;44;56;77;48;2;33;45;65m▄[38;2;42;48;65;48;2;34;42;55m▄[38;2;35;43;56;48;2;35;44;53m▄[38;2;27;32;44;48;2;0;28;38m▄[m
[38;2;134;137;159;48;2;108;115;141m▄[38;2;162;166;188;48;2;66;72;94m▄[38;2;35;39;61;48;2;87;92;115m▄[38;2;38;41;59;48;2;24;32;46m▄[38;2;134;139;156;48;2;77;81;107m▄[38;2;120;125;148;48;2;97;99;124m▄[38;2;86;94;117;48;2;67;74;102m▄[38;2;75;83;107;48;2;41;52;81m▄[38;2;61;68;91;48;2;57;67;95m▄[38;2;54;63;86;48;2;72;80;108m▄[38;2;47;60;85;48;2;56;67;93m▄[38;2;45;59;79;48;2;35;49;63m▄[38;2;39;51;66;48;2;37;49;61m▄[38;2;46;53;69;48;2;41;48;64m▄[38;2;19;27;40;48;2;41;48;63m▄[38;2;8;18;23;48;2;43;54;65m▄[38;2;16;24;38;48;2;53;63;81m▄[38;2;43;50;70;48;2;57;64;90m▄[38;2;83;88;112;48;2;46;53;71m▄[38;2;51;57;80;48;2;24;34;37m▄[38;2;31;44;56;48;2;22;36;39m▄[38;2;12;27;38;48;2;50;88;121m▄[38;2;78;134;188;48;2;27;90;121m▄[38;2;45;107;159;48;2;28;86;121m▄[38;2;82;129;181;48;2;36;97;146m▄[38;2;61;92;128;48;2;94;140;191m▄[38;2;156;158;180;48;2;83;98;123m▄[38;2;141;139;168;48;2;178;178;200m▄[38;2;47;52;78;48;2;81;80;108m▄[38;2;37;46;56;48;2;36;43;61m▄[38;2;41;53;68;48;2;34;44;55m▄[38;2;46;57;76;48;2;41;49;65m▄[38;2;46;58;77;48;2;46;55;74m▄[38;2;42;56;75;48;2;47;59;78m▄[38;2;44;59;78;48;2;44;57;75m▄[38;2;42;57;75;48;2;42;57;73m▄[48;2;38;53;71m [38;2;42;55;74;48;2;45;58;78m▄[38;2;48;59;78;48;2;46;54;74m▄[38;2;37;48;67;48;2;38;47;64m▄[38;2;35;44;55;48;2;40;49;65m▄[m
[38;2;41;50;61;48;2;207;204;225m▄[38;2;23;44;67;48;2;46;54;71m▄[38;2;123;148;188;48;2;37;48;65m▄[38;2;124;159;206;48;2;88;100;130m▄[38;2;79;128;183;48;2;77;103;130m▄[38;2;97;138;187;48;2;56;84;116m▄[38;2;104;132;174;48;2;63;75;98m▄[38;2;80;83;112;48;2;189;188;199m▄[38;2;247;244;255;48;2;162;162;182m▄[38;2;92;95;115;48;2;52;64;88m▄[38;2;44;54;75;48;2;46;60;80m▄[38;2;51;65;85;48;2;46;60;80m▄[38;2;42;58;74;48;2;44;55;74m▄[38;2;81;93;107;48;2;35;43;58m▄[38;2;51;63;77;48;2;35;42;55m▄[38;2;36;49;51;48;2;29;36;51m▄[38;2;12;12;24;48;2;191;196;219m▄[38;2;193;198;223;48;2;170;175;200m▄[38;2;154;174;212;48;2;149;155;174m▄[38;2;135;165;201;48;2;53;60;79m▄[38;2;44;88;112;48;2;35;45;69m▄[38;2;42;56;69;48;2;34;47;66m▄[38;2;56;71;92;48;2;60;82;109m▄[38;2;106;130;179;48;2;103;135;183m▄[38;2;75;106;144;48;2;115;146;190m▄[38;2;68;73;100;48;2;26;36;60m▄[38;2;116;121;150;48;2;173;169;201m▄[38;2;48;54;79;48;2;82;86;113m▄[38;2;33;43;58;48;2;31;40;50m▄[38;2;41;56;74;48;2;45;52;70m▄[38;2;42;59;80;48;2;42;57;80m▄[38;2;42;56;74;48;2;40;56;75m▄[38;2;43;53;68;48;2;38;55;69m▄[38;2;37;50;62;48;2;38;53;68m▄[38;2;38;49;65;48;2;41;56;71m▄[38;2;43;58;76;48;2;44;59;77m▄[48;2;41;56;74m [38;2;35;48;64;48;2;33;46;64m▄[38;2;35;43;57;48;2;46;57;76m▄[38;2;49;56;73;48;2;45;56;75m▄[38;2;40;51;67;48;2;38;45;60m▄[m
[38;2;75;122;170;48;2;5;27;49m▄[38;2;44;97;156;48;2;96;133;182m▄[38;2;26;97;126;48;2;56;108;157m▄[38;2;4;75;109;48;2;34;97;147m▄[38;2;42;102;149;48;2;34;109;156m▄[38;2;17;86;111;48;2;40;106;156m▄[38;2;29;98;138;48;2;64;108;157m▄[38;2;73;118;166;48;2;142;159;196m▄[38;2;134;153;207;48;2;60;64;95m▄[38;2;105;110;146;48;2;182;188;208m▄[38;2;169;173;197;48;2;140;146;168m▄[38;2;63;69;94;48;2;50;60;81m▄[38;2;41;49;64;48;2;23;33;54m▄[38;2;21;29;35;48;2;25;31;52m▄[38;2;19;25;30;48;2;118;124;145m▄[38;2;130;134;156;48;2;192;199;214m▄[38;2;190;197;224;48;2;159;163;186m▄[38;2;143;165;208;48;2;122;146;184m▄[38;2;60;104;149;48;2;46;102;150m▄[38;2;24;88;123;48;2;2;84;111m▄[38;2;24;84;124;48;2;0;71;100m▄[38;2;30;89;120;48;2;13;67;88m▄[38;2;13;84;123;48;2;48;105;137m▄[38;2;106;140;190;48;2;102;135;188m▄[38;2;60;74;102;48;2;62;73;99m▄[38;2;120;124;157;48;2;121;126;155m▄[38;2;41;47;67;48;2;71;77;101m▄[38;2;35;44;56;48;2;42;49;67m▄[38;2;44;54;71;48;2;40;50;65m▄[38;2;45;57;74;48;2;43;58;76m▄[38;2;39;47;63;48;2;44;58;76m▄[38;2;24;31;43;48;2;40;49;63m▄[38;2;22;27;35;48;2;34;41;53m▄[38;2;18;24;32;48;2;24;33;44m▄[38;2;39;46;59;48;2;40;47;61m▄[38;2;37;43;61;48;2;43;52;72m▄[38;2;39;46;64;48;2;47;56;76m▄[38;2;46;54;71;48;2;49;58;75m▄[38;2;38;45;59;48;2;22;30;44m▄[38;2;26;34;48;48;2;37;45;62m▄[38;2;38;48;64;48;2;44;55;71m▄[m
[38;2;15;75;94;48;2;16;84;123m▄[38;2;4;64;76;48;2;39;96;136m▄[38;2;15;67;77;48;2;0;66;83m▄[38;2;9;61;73;48;2;17;79;94m▄[38;2;14;65;75;48;2;11;73;95m▄[38;2;13;67;78;48;2;1;63;83m▄[38;2;37;107;149;48;2;12;85;119m▄[38;2;36;102;156;48;2;46;107;161m▄[38;2;42;107;157;48;2;34;96;149m▄[38;2;113;144;194;48;2;161;184;217m▄[38;2;172;181;213;48;2;146;155;184m▄[38;2;148;154;176;48;2;159;164;194m▄[38;2;95;100;131;48;2;66;72;93m▄[38;2;67;75;99;48;2;36;46;62m▄[38;2;42;46;64;48;2;34;40;51m▄[38;2;36;44;56;48;2;40;46;67m▄[38;2;19;26;27;48;2;22;27;41m▄[38;2;24;51;83;48;2;128;151;191m▄[38;2;31;93;135;48;2;44;105;149m▄[38;2;26;87;123;48;2;35;105;155m▄[38;2;40;103;152;48;2;37;113;162m▄[38;2;75;127;178;48;2;17;86;127m▄[38;2;117;142;184;48;2;58;118;160m▄[38;2;177;184;209;48;2;142;162;202m▄[38;2;85;91;119;48;2;71;74;107m▄[38;2;162;163;184;48;2;121;121;153m▄[38;2;33;40;57;48;2;30;36;56m▄[38;2;45;57;70;48;2;41;53;64m▄[38;2;15;28;43;48;2;43;55;75m▄[38;2;27;36;45;48;2;42;50;63m▄[38;2;19;25;28;48;2;23;28;39m▄[38;2;29;34;44;48;2;11;17;24m▄[38;2;33;38;50;48;2;14;20;25m▄[38;2;20;28;40;48;2;24;33;42m▄[38;2;63;72;92;48;2;45;56;71m▄[38;2;32;37;47;48;2;28;33;43m▄[38;2;32;42;54;48;2;34;44;57m▄[38;2;45;56;71;48;2;30;41;55m▄[38;2;57;64;83;48;2;21;29;44m▄[38;2;31;38;52;48;2;37;46;57m▄[38;2;34;41;56;48;2;36;43;58m▄[m
[38;2;13;63;79;48;2;12;64;72m▄▄[38;2;8;64;81;48;2;10;66;73m▄[38;2;10;62;78;48;2;13;62;69m▄[38;2;20;82;107;48;2;4;67;83m▄[38;2;13;80;127;48;2;2;73;97m▄[38;2;44;100;161;48;2;53;104;164m▄[38;2;84;134;180;48;2;25;101;152m▄[38;2;33;49;85;48;2;89;133;183m▄[38;2;52;51;58;48;2;92;130;170m▄[38;2;163;168;195;48;2;157;173;201m▄[38;2;193;195;217;48;2;194;199;225m▄[38;2;182;185;216;48;2;144;145;168m▄[38;2;146;158;174;48;2;85;90;121m▄[38;2;72;81;110;48;2;56;62;84m▄[38;2;42;47;76;48;2;27;41;47m▄[38;2;42;53;63;48;2;195;197;215m▄[38;2;61;67;88;48;2;129;151;191m▄[38;2;191;198;223;48;2;68;101;147m▄[38;2;31;40;52;48;2;146;169;206m▄[38;2;103;117;152;48;2;95;131;179m▄[38;2;17;27;45;48;2;136;154;202m▄[38;2;18;26;39;48;2;162;171;200m▄[38;2;192;198;219;48;2;192;199;215m▄[38;2;51;57;75;48;2;69;74;103m▄[38;2;169;170;192;48;2;158;159;182m▄[38;2;7;15;32;48;2;31;39;52m▄[38;2;98;104;134;48;2;34;42;62m▄[38;2;59;65;83;48;2;107;112;139m▄[38;2;34;43;50;48;2;26;34;43m▄[38;2;41;41;54;48;2;18;29;32m▄[38;2;36;35;52;48;2;34;43;52m▄[38;2;199;200;220;48;2;64;74;91m▄[38;2;189;195;217;48;2;155;164;186m▄[38;2;57;66;86;48;2;97;98;127m▄[38;2;131;137;160;48;2;59;65;86m▄[38;2;10;18;31;48;2;23;33;41m▄[38;2;183;189;210;48;2;28;36;51m▄[38;2;29;35;57;48;2;115;120;149m▄[38;2;110;115;143;48;2;45;50;77m▄[38;2;22;28;35;48;2;36;41;53m▄[m
[38;2;6;64;74;48;2;10;64;71m▄[38;2;19;63;74;48;2;13;64;71m▄[38;2;8;65;74;48;2;5;63;70m▄[38;2;20;64;74;48;2;10;67;75m▄[38;2;13;77;100;48;2;0;73;91m▄[38;2;43;104;157;48;2;7;83;115m▄[38;2;92;132;180;48;2;47;110;161m▄[38;2;87;99;131;48;2;61;93;128m▄[38;2;90;91;117;48;2;157;160;183m▄[38;2;127;135;157;48;2;33;35;56m▄[38;2;144;151;170;48;2;13;15;26m▄[38;2;45;52;67;48;2;23;28;36m▄[38;2;88;92;119;48;2;24;33;47m▄[38;2;160;162;187;48;2;102;112;148m▄[38;2;47;51;74;48;2;47;59;80m▄[38;2;13;18;25;48;2;87;91;115m▄[38;2;17;21;34;48;2;37;55;64m▄[38;2;53;57;78;48;2;35;39;49m▄[38;2;111;117;141;48;2;34;40;48m▄[38;2;51;58;72;48;2;39;47;73m▄[38;2;14;22;38;48;2;34;50;66m▄[38;2;13;21;33;48;2;35;52;62m▄[38;2;20;29;42;48;2;31;44;66m▄[38;2;56;64;80;48;2;125;133;157m▄[38;2;21;26;36;48;2;17;27;37m▄[38;2;33;40;58;48;2;96;98;117m▄[38;2;92;97;126;48;2;121;127;150m▄[38;2;46;52;73;48;2;75;81;112m▄[38;2;153;159;182;48;2;24;32;45m▄[38;2;47;54;73;48;2;27;36;46m▄[38;2;20;28;44;48;2;10;21;25m▄[38;2;14;23;32;48;2;31;42;46m▄[38;2;18;27;39;48;2;67;76;89m▄[38;2;198;207;230;48;2;192;195;232m▄[38;2;72;83;101;48;2;60;71;97m▄[38;2;79;86;107;48;2;151;156;182m▄[38;2;154;162;192;48;2;29;36;56m▄[38;2;191;205;222;48;2;197;205;230m▄[38;2;146;152;188;48;2;29;37;59m▄[38;2;84;91;106;48;2;93;99;125m▄[38;2;33;39;47;48;2;17;23;27m▄[m
[38;2;13;64;74;48;2;6;64;74m▄[38;2;13;64;74;48;2;19;63;74m▄[38;2;8;63;72;48;2;5;63;72m▄[38;2;15;64;65;48;2;17;60;70m▄[38;2;1;68;92;48;2;28;88;111m▄[38;2;44;109;162;48;2;32;100;148m▄[38;2;5;26;48;48;2;78;115;166m▄[38;2;137;140;166;48;2;95;99;125m▄[38;2;45;49;59;48;2;45;51;63m▄[38;2;155;165;174;48;2;159;162;181m▄[38;2;196;201;213;48;2;4;10;21m▄[38;2;33;38;53;48;2;42;51;63m▄[38;2;78;82;99;48;2;80;83;112m▄[38;2;22;25;51;48;2;101;103;131m▄[38;2;184;188;208;48;2;63;66;86m▄[38;2;39;49;60;48;2;90;94;106m▄[38;2;40;49;68;48;2;131;133;155m▄[38;2;10;19;28;48;2;71;73;100m▄[38;2;65;69;87;48;2;57;64;84m▄[38;2;31;36;49;48;2;19;27;39m▄[38;2;62;68;90;48;2;82;88;109m▄[38;2;190;195;224;48;2;47;54;70m▄[38;2;79;85;107;48;2;50;58;75m▄[38;2;115;120;147;48;2;35;42;58m▄[38;2;22;30;39;48;2;14;18;23m▄[38;2;58;62;80;48;2;68;73;103m▄[38;2;68;69;100;48;2;64;69;100m▄[38;2;41;46;59;48;2;73;79;101m▄[38;2;156;158;182;48;2;38;45;64m▄[38;2;41;44;63;48;2;70;78;95m▄[38;2;183;187;208;48;2;192;198;219m▄[38;2;193;195;224;48;2;96;100;132m▄[38;2;79;83;104;48;2;78;81;107m▄[38;2;54;59;88;48;2;39;47;60m▄[38;2;28;36;49;48;2;123;139;167m▄[38;2;14;19;32;48;2;85;93;117m▄[38;2;9;11;24;48;2;197;199;228m▄[38;2;199;200;216;48;2;193;194;208m▄[38;2;181;201;229;48;2;201;202;227m▄[38;2;38;64;95;48;2;49;59;76m▄[38;2;86;88;113;48;2;72;75;96m▄[m
[38;2;13;63;73;48;2;13;64;74m▄[38;2;13;64;73;48;2;13;64;74m▄[38;2;19;69;87;48;2;7;61;75m▄[38;2;5;86;123;48;2;13;77;98m▄[38;2;42;108;159;48;2;28;94;134m▄[38;2;112;145;192;48;2;72;117;168m▄[38;2;21;32;43;48;2;7;23;38m▄[38;2;137;144;157;48;2;113;118;138m▄[38;2;60;71;84;48;2;35;45;56m▄[38;2;94;105;144;48;2;127;136;162m▄[38;2;149;150;177;48;2;189;190;221m▄[38;2;131;135;152;48;2;36;39;64m▄[38;2;202;205;219;48;2;135;139;159m▄[38;2;37;43;52;48;2;187;191;208m▄[38;2;69;73;91;48;2;35;39;57m▄[38;2;44;45;64;48;2;82;85;109m▄[38;2;117;117;142;48;2;75;77;108m▄[38;2;172;174;192;48;2;46;51;71m▄[38;2;83;85;115;48;2;167;169;195m▄[38;2;57;59;85;48;2;127;131;153m▄[38;2;7;16;23;48;2;52;58;80m▄[38;2;34;43;55;48;2;67;72;101m▄[38;2;35;43;54;48;2;52;58;80m▄[38;2;54;60;89;48;2;103;108;137m▄[38;2;67;72;98;48;2;69;75;93m▄[38;2;19;23;36;48;2;19;25;29m▄[38;2;79;82;104;48;2;120;121;150m▄[38;2;63;68;76;48;2;75;79;97m▄[38;2;67;69;93;48;2;66;68;92m▄[38;2;36;39;58;48;2;48;52;71m▄[38;2;10;15;24;48;2;23;28;41m▄[38;2;87;89;121;48;2;59;60;90m▄[38;2;138;141;171;48;2;131;135;161m▄[38;2;11;19;34;48;2;81;87;108m▄[38;2;71;76;101;48;2;73;79;99m▄[38;2;10;15;27;48;2;57;61;82m▄[38;2;17;22;34;48;2;126;130;151m▄[38;2;68;73;91;48;2;193;195;217m▄[38;2;201;202;219;48;2;190;199;221m▄[38;2;74;77;94;48;2;47;60;84m▄[38;2;87;96;126;48;2;90;96;124m▄[m
[38;2;1;68;76;48;2;17;65;76m▄[38;2;5;71;99;48;2;7;64;78m▄[38;2;46;108;151;48;2;15;79;104m▄[38;2;50;80;119;48;2;41;104;152m▄[38;2;89;92;112;48;2;104;141;181m▄[38;2;97;107;134;48;2;195;199;237m▄[38;2;29;47;67;48;2;18;21;35m▄[38;2;89;95;120;48;2;125;131;150m▄[38;2;228;217;232;48;2;155;157;178m▄[38;2;242;244;250;48;2;65;77;99m▄[38;2;208;212;222;48;2;83;87;106m▄[38;2;25;14;28;48;2;118;121;141m▄[38;2;36;45;55;48;2;12;17;33m▄[38;2;116;118;144;48;2;36;41;52m▄[38;2;131;133;158;48;2;158;162;180m▄[38;2;57;61;81;48;2;205;208;230m▄[38;2;25;29;46;48;2;54;55;85m▄[38;2;48;52;75;48;2;101;105;126m▄[38;2;65;72;91;48;2;31;39;55m▄[38;2;39;45;65;48;2;62;68;89m▄[38;2;49;57;74;48;2;10;18;31m▄[38;2;43;51;63;48;2;21;30;37m▄[38;2;59;66;86;48;2;28;36;51m▄[38;2;36;44;56;48;2;29;38;48m▄[38;2;107;114;135;48;2;89;96;115m▄[38;2;21;26;37;48;2;17;23;32m▄[38;2;38;42;60;48;2;23;27;42m▄[38;2;29;34;44;48;2;29;34;45m▄[38;2;33;38;48;48;2;85;87;113m▄[38;2;108;109;139;48;2;56;60;80m▄[38;2;46;51;77;48;2;54;63;75m▄[38;2;4;13;23;48;2;67;73;97m▄[38;2;39;46;63;48;2;53;60;79m▄[38;2;69;75;97;48;2;77;82;109m▄[38;2;17;25;39;48;2;46;53;72m▄[38;2;126;147;187;48;2;8;25;41m▄[38;2;82;118;166;48;2;3;20;45m▄[38;2;36;52;76;48;2;73;85;99m▄[38;2;62;69;85;48;2;14;21;39m▄[38;2;11;20;28;48;2;60;68;80m▄[48;2;79;88;118m [m
[38;2;32;98;144;48;2;13;83;108m▄[38;2;34;67;100;48;2;43;93;142m▄[38;2;140;142;160;48;2;65;90;121m▄[38;2;34;39;59;48;2;194;195;218m▄[38;2;70;75;98;48;2;81;82;102m▄[38;2;66;69;94;48;2;46;55;70m▄[38;2;83;86;111;48;2;51;60;81m▄[38;2;176;177;199;48;2;74;78;106m▄[38;2;210;209;223;48;2;162;159;181m▄[38;2;48;49;64;48;2;183;176;183m▄[38;2;105;46;70;48;2;64;11;10m▄[38;2;86;74;101;48;2;132;33;47m▄[38;2;157;162;174;48;2;29;24;37m▄[38;2;166;162;184;48;2;21;28;36m▄[38;2;81;76;102;48;2;31;38;50m▄[38;2;40;44;71;48;2;127;128;150m▄[38;2;34;40;55;48;2;164;165;187m▄[38;2;55;63;72;48;2;106;109;131m▄[38;2;24;29;53;48;2;20;28;44m▄[38;2;66;72;94;48;2;65;72;86m▄[38;2;50;51;81;48;2;22;26;43m▄[38;2;84;86;114;48;2;57;60;85m▄[38;2;127;129;157;48;2;33;42;57m▄[38;2;68;73;97;48;2;55;69;75m▄[38;2;47;57;79;48;2;27;37;51m▄[38;2;68;74;101;48;2;43;53;59m▄[38;2;82;85;123;48;2;84;88;124m▄[38;2;54;61;78;48;2;22;31;40m▄[38;2;58;65;82;48;2;17;25;36m▄[38;2;37;44;61;48;2;139;145;167m▄[38;2;152;154;180;48;2;59;67;89m▄[38;2;82;85;108;48;2;62;73;83m▄[38;2;26;32;46;48;2;6;17;23m▄[38;2;18;27;34;48;2;59;67;78m▄[38;2;45;54;65;48;2;19;27;42m▄[38;2;19;60;90;48;2;79;131;174m▄[38;2;35;102;151;48;2;80;130;181m▄[38;2;62;98;132;48;2;50;81;122m▄[38;2;99;106;130;48;2;84;93;114m▄[38;2;30;35;54;48;2;20;26;39m▄[38;2;62;70;92;48;2;58;68;87m▄[m
[38;2;86;120;165;48;2;82;123;172m▄[38;2;166;169;186;48;2;41;68;91m▄[38;2;54;65;87;48;2;127;122;139m▄[38;2;32;41;65;48;2;32;40;56m▄[38;2;72;77;106;48;2;119;126;154m▄[38;2;112;118;142;48;2;160;161;180m▄[38;2;40;46;68;48;2;241;243;254m▄[38;2;25;31;48;48;2;230;232;237m▄[38;2;23;25;43;48;2;36;38;51m▄[38;2;51;47;71;48;2;98;106;127m▄[38;2;52;56;74;48;2;210;192;216m▄[38;2;18;21;35;48;2;213;209;207m▄[38;2;35;31;46;48;2;87;102;119m▄[38;2;22;30;44;48;2;34;42;54m▄[38;2;60;70;89;48;2;26;33;50m▄[38;2;15;25;39;48;2;54;65;76m▄[38;2;16;24;48;48;2;13;23;37m▄[38;2;72;78;105;48;2;12;22;33m▄[38;2;93;99;123;48;2;85;90;119m▄[38;2;30;36;57;48;2;80;85;114m▄[38;2;12;16;24;48;2;63;67;88m▄[38;2;22;26;32;48;2;62;67;80m▄[38;2;48;49;69;48;2;188;186;210m▄[38;2;158;159;185;48;2;123;121;153m▄[38;2;112;114;141;48;2;58;71;92m▄[38;2;101;105;139;48;2;119;124;153m▄[38;2;47;53;78;48;2;83;89;113m▄[38;2;35;43;57;48;2;27;36;48m▄[38;2;72;78;102;48;2;54;59;84m▄[38;2;22;30;46;48;2;39;47;58m▄[38;2;53;60;75;48;2;53;55;68m▄[38;2;121;125;152;48;2;210;212;226m▄[38;2;160;165;189;48;2;61;64;81m▄[38;2;66;70;84;48;2;6;12;32m▄[38;2;18;23;37;48;2;56;62;86m▄[38;2;162;163;195;48;2;4;7;33m▄[38;2;140;160;196;48;2;46;102;155m▄[38;2;91;95;119;48;2;60;86;125m▄[38;2;92;98;122;48;2;116;122;157m▄[38;2;19;31;43;48;2;31;38;45m▄[38;2;91;130;183;48;2;0;17;36m▄[m
[38;2;42;52;66;48;2;57;82;110m▄[38;2;37;43;58;48;2;108;108;132m▄[38;2;97;133;185;48;2;66;81;112m▄[38;2;59;103;156;48;2;145;166;205m▄[38;2;89;131;192;48;2;135;153;198m▄[38;2;89;127;177;48;2;121;135;171m▄[38;2;147;160;204;48;2;133;140;166m▄[38;2;185;201;218;48;2;170;174;196m▄[38;2;187;194;227;48;2;78;82;106m▄[38;2;60;71;90;48;2;54;55;77m▄[38;2;66;63;72;48;2;99;86;104m▄[38;2;83;47;67;48;2;49;25;45m▄[38;2;65;52;84;48;2;54;44;64m▄[38;2;110;116;140;48;2;93;99;121m▄[38;2;121;127;149;48;2;55;67;81m▄[38;2;208;210;237;48;2;196;202;221m▄[38;2;194;197;219;48;2;49;55;72m▄[38;2;198;203;225;48;2;65;72;88m▄[38;2;152;158;183;48;2;28;35;55m▄[38;2;72;77;103;48;2;94;99;127m▄[38;2;109;115;136;48;2;53;60;75m▄[38;2;33;43;47;48;2;13;24;27m▄[38;2;12;19;36;48;2;16;28;42m▄[38;2;15;23;37;48;2;59;68;92m▄[38;2;70;76;100;48;2;148;148;175m▄[38;2;77;87;108;48;2;84;89;118m▄[38;2;31;39;54;48;2;10;19;26m▄[38;2;171;175;187;48;2;76;81;113m▄[38;2;41;43;61;48;2;91;97;120m▄[38;2;101;101;130;48;2;58;64;87m▄[38;2;9;20;28;48;2;63;72;92m▄[38;2;241;243;254;48;2;177;178;192m▄[38;2;135;134;154;48;2;174;170;197m▄[38;2;39;47;57;48;2;56;60;77m▄[38;2;14;24;26;48;2;28;34;42m▄[38;2;39;48;56;48;2;15;25;38m▄[38;2;89;95;120;48;2;68;71;95m▄[38;2;41;50;69;48;2;143;141;172m▄[38;2;38;37;46;48;2;9;16;31m▄[38;2;43;82;111;48;2;12;24;34m▄[38;2;7;83;110;48;2;65;119;162m▄[m
[38;2;52;102;147;48;2;12;22;29m▄[38;2;45;108;163;48;2;42;71;106m▄[38;2;11;78;96;48;2;35;100;144m▄[38;2;3;58;77;48;2;13;87;126m▄[38;2;0;61;72;48;2;13;90;128m▄[38;2;7;77;97;48;2;38;104;152m▄[38;2;34;104;148;48;2;71;119;177m▄[38;2;64;114;169;48;2;102;139;187m▄[38;2;93;133;173;48;2;119;140;186m▄[38;2;60;72;93;48;2;45;54;84m▄[38;2;110;76;101;48;2;84;61;96m▄[38;2;139;123;143;48;2;95;69;92m▄[38;2;111;106;133;48;2;177;169;193m▄[38;2;10;18;31;48;2;67;74;93m▄[38;2;72;78;103;48;2;112;119;142m▄[38;2;116;118;145;48;2;95;97;124m▄[38;2;44;46;69;48;2;193;195;218m▄[38;2;194;198;221;48;2;196;201;221m▄[38;2;154;159;186;48;2;195;202;220m▄[38;2;66;71;97;48;2;40;48;65m▄[38;2;52;59;72;48;2;64;71;87m▄[38;2;12;24;21;48;2;19;30;30m▄[38;2;10;18;30;48;2;46;54;67m▄[38;2;199;206;220;48;2;9;17;31m▄[38;2;201;207;230;48;2;189;195;219m▄[38;2;180;189;217;48;2;131;141;165m▄[38;2;12;18;40;48;2;36;43;62m▄[38;2;41;47;63;48;2;88;94;108m▄[38;2;17;26;42;48;2;186;192;206m▄[38;2;112;118;148;48;2;61;69;80m▄[38;2;36;31;55;48;2;39;42;57m▄[38;2;151;154;179;48;2;221;222;239m▄[38;2;56;63;87;48;2;82;85;107m▄[38;2;14;22;34;48;2;41;50;61m▄[38;2;65;71;90;48;2;17;26;37m▄[38;2;115;119;156;48;2;41;48;63m▄[38;2;58;64;90;48;2;32;39;56m▄[38;2;24;34;38;48;2;18;26;28m▄[38;2;153;160;183;48;2;23;27;38m▄[38;2;159;175;213;48;2;92;118;161m▄[38;2;97;129;183;48;2;61;119;166m▄[m
[38;2;18;73;90;48;2;8;79;106m▄[38;2;8;59;74;48;2;16;75;99m▄[38;2;4;69;84;48;2;7;84;106m▄[38;2;5;80;108;48;2;1;60;75m▄[38;2;7;69;92;48;2;16;64;74m▄[38;2;16;70;92;48;2;14;60;71m▄[38;2;34;88;128;48;2;15;79;115m▄[38;2;56;107;158;48;2;36;106;156m▄[38;2;1;24;39;48;2;33;75;110m▄[38;2;115;91;119;48;2;74;72;88m▄[38;2;125;108;134;48;2;157;121;145m▄[38;2;78;85;115;48;2;71;68;91m▄[38;2;81;88;104;48;2;31;37;58m▄[38;2;187;197;226;48;2;103;117;140m▄[38;2;193;199;223;48;2;171;181;201m▄[38;2;181;183;210;48;2;179;183;202m▄[38;2;172;177;190;48;2;184;186;210m▄[38;2;54;57;76;48;2;140;145;159m▄[38;2;146;151;182;48;2;50;55;80m▄[38;2;58;67;92;48;2;93;102;128m▄[38;2;34;42;55;48;2;27;35;50m▄[38;2;41;49;61;48;2;29;39;43m▄[38;2;196;201;225;48;2;75;83;97m▄[38;2;172;175;196;48;2;188;190;216m▄[38;2;93;95;119;48;2;87;89;112m▄[38;2;139;140;163;48;2;45;52;73m▄[38;2;152;153;174;48;2;28;35;55m▄[38;2;95;96;116;48;2;32;39;57m▄[38;2;44;48;68;48;2;50;54;74m▄[38;2;166;168;193;48;2;70;72;97m▄[38;2;138;142;162;48;2;117;118;151m▄[38;2;59;63;84;48;2;53;55;78m▄[38;2;43;48;69;48;2;33;39;55m▄[38;2;80;85;113;48;2;78;85;106m▄[38;2;45;52;69;48;2;65;72;90m▄[38;2;96;97;130;48;2;164;163;191m▄[38;2;211;206;235;48;2;152;158;180m▄[38;2;98;102;125;48;2;42;41;60m▄[38;2;26;29;45;48;2;28;31;45m▄[38;2;25;36;46;48;2;40;49;64m▄[38;2;28;35;54;48;2;138;156;198m▄[m
[38;2;12;60;75;48;2;16;65;75m▄[38;2;12;79;99;48;2;15;63;76m▄[38;2;16;93;133;48;2;15;85;108m▄[38;2;46;106;160;48;2;34;103;150m▄[38;2;31;65;91;48;2;42;96;149m▄[38;2;106;102;129;48;2;30;106;141m▄[38;2;36;55;82;48;2;75;130;176m▄[38;2;32;54;79;48;2;77;124;169m▄[38;2;119;124;148;48;2;25;45;77m▄[38;2;127;126;155;48;2;106;83;104m▄[38;2;138;138;165;48;2;65;64;97m▄[38;2;80;87;107;48;2;36;44;56m▄[38;2;153;159;178;48;2;172;175;215m▄[38;2;33;37;53;48;2;199;203;219m▄[38;2;98;100;126;48;2;19;23;36m▄[38;2;107;104;141;48;2;22;36;53m▄[38;2;137;136;166;48;2;49;61;85m▄[38;2;57;57;81;48;2;108;117;148m▄[38;2;27;32;53;48;2;60;70;89m▄[38;2;101;106;126;48;2;52;63;81m▄[38;2;194;201;221;48;2;22;31;40m▄[38;2;194;193;216;48;2;197;196;222m▄[38;2;84;91;112;48;2;178;190;209m▄[38;2;220;226;237;48;2;61;73;91m▄[38;2;27;34;45;48;2;93;98;104m▄[38;2;208;211;233;48;2;244;249;254m▄[38;2;31;35;53;48;2;59;60;91m▄[38;2;141;146;163;48;2;122;125;152m▄[38;2;37;45;58;48;2;42;48;69m▄[38;2;41;48;61;48;2;60;67;83m▄[38;2;36;43;57;48;2;32;41;50m▄[38;2;79;87;102;48;2;54;61;77m▄[38;2;129;134;152;48;2;64;70;93m▄[38;2;111;121;143;48;2;55;70;91m▄[38;2;49;57;70;48;2;21;32;44m▄[38;2;22;30;44;48;2;70;76;96m▄[38;2;79;84;116;48;2;71;73;115m▄[38;2;120;123;152;48;2;176;178;197m▄[38;2;184;183;205;48;2;211;208;225m▄[38;2;198;198;215;48;2;81;84;110m▄[38;2;77;80;101;48;2;17;23;28m▄[m
[38;2;7;64;76;48;2;16;69;69m▄[38;2;7;64;76;48;2;19;64;81m▄[38;2;6;69;85;48;2;46;104;144m▄[38;2;44;106;152;48;2;37;103;161m▄[38;2;29;104;155;48;2;44;99;147m▄[38;2;58;114;161;48;2;35;49;80m▄[38;2;64;106;136;48;2;161;167;182m▄[38;2;36;61;84;48;2;222;222;232m▄[38;2;22;38;52;48;2;203;203;226m▄[38;2;28;39;54;48;2;156;158;184m▄[38;2;115;124;153;48;2;88;89;110m▄[38;2;188;196;217;48;2;189;195;220m▄[38;2;34;42;51;48;2;115;123;133m▄[38;2;81;87;118;48;2;40;43;66m▄[38;2;19;25;38;48;2;68;72;91m▄[38;2;142;145;168;48;2;18;26;39m▄[38;2;41;47;61;48;2;83;89;108m▄[38;2;54;64;82;48;2;52;63;85m▄[38;2;143;166;208;48;2;114;130;164m▄[38;2;98;136;186;48;2;147;163;199m▄[38;2;114;143;180;48;2;196;201;233m▄[38;2;116;117;138;48;2;44;43;61m▄[38;2;141;140;163;48;2;90;93;115m▄[38;2;134;138;153;48;2;163;162;179m▄[38;2;28;33;39;48;2;18;25;40m▄[38;2;126;130;146;48;2;160;165;179m▄[38;2;7;13;21;48;2;11;16;27m▄[38;2;60;63;88;48;2;98;101;127m▄[38;2;17;26;31;48;2;35;45;49m▄[38;2;57;64;80;48;2;8;17;27m▄[38;2;93;100;121;48;2;146;152;173m▄[38;2;37;35;62;48;2;12;19;31m▄[38;2;95;123;151;48;2;70;75;90m▄[38;2;162;179;215;48;2;195;203;225m▄[38;2;67;88;110;48;2;67;71;85m▄[38;2;36;45;55;48;2;29;38;47m▄[38;2;20;28;43;48;2;87;93;116m▄[38;2;81;83;120;48;2;95;97;136m▄[38;2;138;137;172;48;2;170;172;196m▄[38;2;155;156;177;48;2;236;232;242m▄[38;2;103;108;134;48;2;229;233;250m▄[m
[38;2;13;64;74;48;2;15;64;73m▄▄[38;2;8;62;73;48;2;8;63;72m▄[38;2;5;65;80;48;2;14;76;97m▄[38;2;7;74;91;48;2;25;93;129m▄[38;2;15;87;115;48;2;43;105;157m▄[38;2;29;100;144;48;2;72;126;186m▄[38;2;43;108;158;48;2;96;142;194m▄[38;2;54;108;158;48;2;93;132;182m▄[38;2;93;137;189;48;2;103;135;185m▄[38;2;87;132;181;48;2;129;154;200m▄[38;2;99;133;181;48;2;144;156;192m▄[38;2;13;29;34;48;2;17;28;33m▄[38;2;59;62;82;48;2;91;98;122m▄[38;2;76;91;101;48;2;135;139;154m▄[38;2;6;32;40;48;2;52;53;73m▄[38;2;135;160;213;48;2;9;19;33m▄[38;2;84;132;174;48;2;146;166;204m▄[38;2;91;141;190;48;2;101;134;189m▄[38;2;85;126;180;48;2;44;101;153m▄[38;2;85;134;179;48;2;78;115;158m▄[38;2;144;160;204;48;2;67;77;98m▄[38;2;42;55;66;48;2;67;72;93m▄[38;2;83;89;119;48;2;71;76;90m▄[38;2;43;49;62;48;2;11;17;23m▄[38;2;12;23;25;48;2;83;88;100m▄[38;2;36;32;48;48;2;13;19;23m▄[38;2;51;62;78;48;2;51;55;76m▄[38;2;36;38;56;48;2;34;43;54m▄[38;2;14;24;27;48;2;38;45;60m▄[38;2;11;24;27;48;2;43;50;65m▄[38;2;143;168;218;48;2;20;36;47m▄[38;2;91;136;186;48;2;147;164;199m▄[38;2;51;105;153;48;2;144;161;198m▄[38;2;70;118;171;48;2;57;69;86m▄[38;2;101;136;168;48;2;39;46;59m▄[38;2;32;42;47;48;2;72;78;100m▄[38;2;49;57;75;48;2;30;38;56m▄[38;2;21;26;36;48;2;84;90;113m▄[38;2;9;15;17;48;2;74;79;108m▄[38;2;9;23;21;48;2;57;64;81m▄[m
[48;2;13;64;74m  [38;2;16;64;73;48;2;12;63;73m▄[38;2;14;63;73;48;2;8;64;76m▄[38;2;3;61;73;48;2;6;68;83m▄[38;2;4;64;71;48;2;2;70;87m▄[38;2;19;77;97;48;2;16;83;115m▄[38;2;17;80;107;48;2;23;95;136m▄[38;2;12;83;116;48;2;34;104;152m▄[38;2;35;106;150;48;2;33;102;156m▄[38;2;26;102;152;48;2;78;122;175m▄[38;2;68;126;181;48;2;96;130;184m▄[38;2;95;130;174;48;2;36;52;71m▄[38;2;6;30;43;48;2;44;48;54m▄[38;2;7;23;34;48;2;46;50;65m▄[38;2;0;33;52;48;2;17;22;43m▄[38;2;33;103;158;48;2;79;115;171m▄[38;2;43;95;138;48;2;58;114;163m▄[38;2;15;81;118;48;2;32;99;152m▄[38;2;40;105;157;48;2;53;117;167m▄[38;2;86;134;180;48;2;102;135;193m▄[38;2;140;157;199;48;2;137;159;190m▄[38;2;48;62;76;48;2;73;93;128m▄[38;2;33;42;57;48;2;33;43;56m▄[38;2;95;98;124;48;2;29;35;46m▄[38;2;57;57;80;48;2;35;50;60m▄[38;2;45;56;72;48;2;46;59;73m▄[38;2;52;53;67;48;2;29;46;62m▄[38;2;7;22;37;48;2;6;25;13m▄[38;2;81;128;175;48;2;41;56;81m▄[38;2;36;97;139;48;2;130;157;209m▄[38;2;12;86;118;48;2;79;122;176m▄[38;2;0;69;94;48;2;35;93;130m▄[38;2;6;68;76;48;2;11;72;90m▄[38;2;7;61;74;48;2;29;82;107m▄[38;2;15;72;116;48;2;63;119;166m▄[38;2;56;99;147;48;2;0;19;46m▄[38;2;58;71;94;48;2;54;58;76m▄[38;2;69;72;101;48;2;63;76;101m▄[38;2;65;69;91;48;2;33;48;65m▄[38;2;51;51;72;48;2;45;48;66m▄[m
[48;2;13;64;74m       [38;2;18;66;76;48;2;8;64;78m▄[38;2;20;63;74;48;2;9;70;88m▄[38;2;22;65;76;48;2;3;66;84m▄[38;2;0;78;95;48;2;28;96;134m▄[38;2;14;82;114;48;2;42;104;154m▄[38;2;25;90;123;48;2;58;115;164m▄[38;2;44;103;146;48;2;56;110;163m▄[38;2;42;105;150;48;2;45;106;153m▄[38;2;11;84;120;48;2;51;110;156m▄[38;2;2;65;79;48;2;9;80;116m▄[38;2;24;67;79;48;2;8;67;84m▄[38;2;9;68;83;48;2;8;80;101m▄[38;2;19;81;102;48;2;12;84;121m▄[38;2;43;104;147;48;2;55;106;159m▄[38;2;69;112;160;48;2;17;46;78m▄[38;2;66;74;93;48;2;31;39;56m▄[38;2;32;41;62;48;2;123;129;144m▄[38;2;28;38;51;48;2;49;55;75m▄[38;2;119;123;142;48;2;38;49;64m▄[38;2;24;46;73;48;2;51;59;75m▄[38;2;29;64;90;48;2;16;26;31m▄[38;2;77;129;176;48;2;38;68;100m▄[38;2;46;102;141;48;2;73;117;170m▄[38;2;1;62;82;48;2;34;100;143m▄[38;2;0;62;75;48;2;7;75;95m▄[38;2;5;64;67;48;2;14;70;89m▄[38;2;14;63;76;48;2;16;67;83m▄[38;2;7;64;76;48;2;14;61;78m▄[38;2;14;80;99;48;2;3;63;79m▄[38;2;35;99;142;48;2;93;136;184m▄[38;2;0;26;50;48;2;34;51;63m▄[38;2;98;116;146;48;2;40;48;75m▄[38;2;9;23;43;48;2;35;41;58m▄[38;2;142;172;216;48;2;85;98;118m▄[m
