[38;2;46;12;27;48;2;38;15;22m▄[38;2;91;68;66;48;2;102;76;77m▄[38;2;104;78;66;48;2;53;39;47m▄[38;2;83;63;68;48;2;68;45;44m▄[38;2;8;2;17;48;2;66;46;48m▄[38;2;16;3;26;48;2;45;30;30m▄[38;2;53;26;29;48;2;73;47;44m▄[38;2;138;108;92;48;2;57;35;34m▄[38;2;117;89;83;48;2;92;78;84m▄[38;2;5;0;23;48;2;10;1;14m▄[38;2;59;37;39;48;2;84;64;61m▄[38;2;40;7;9;48;2;135;43;46m▄[38;2;129;35;38;48;2;82;14;23m▄[38;2;78;11;22;48;2;59;8;14m▄[38;2;78;19;21;48;2;78;17;24m▄[38;2;69;11;20;48;2;76;18;23m▄[38;2;57;8;17;48;2;56;7;10m▄[38;2;97;23;32;48;2;103;29;31m▄[38;2;77;17;19;48;2;78;14;23m▄[38;2;73;18;27;48;2;75;18;17m▄[38;2;65;34;40;48;2;38;11;21m▄[38;2;144;119;110;48;2;150;118;108m▄[38;2;5;0;21;48;2;12;5;10m▄[38;2;5;2;28;48;2;0;2;29m▄[38;2;5;1;23;48;2;3;3;31m▄[38;2;5;2;26;48;2;32;21;31m▄[38;2;105;75;74;48;2;105;74;69m▄[38;2;33;21;23;48;2;70;46;41m▄[38;2;5;1;30;48;2;34;16;25m▄[38;2;2;2;35;48;2;9;3;10m▄[38;2;6;1;28;48;2;65;42;43m▄[38;2;6;2;22;48;2;89;72;75m▄[38;2;148;116;107;48;2;145;117;111m▄[38;2;71;53;56;48;2;74;60;63m▄[38;2;87;33;47;48;2;70;21;33m▄[38;2;3;1;29;48;2;0;2;30m▄[38;2;2;2;30;48;2;0;2;30m▄[38;2;2;2;31;48;2;2;2;30m▄[38;2;2;2;31;48;2;2;2;29m▄[38;2;2;1;31;48;2;2;2;27m▄[m
[38;2;4;0;31;48;2;15;2;23m▄[38;2;22;4;24;48;2;19;0;7m▄[38;2;44;18;29;48;2;101;79;73m▄[38;2;71;47;49;48;2;16;0;14m▄[38;2;51;38;40;48;2;1;1;25m▄[38;2;3;0;24;48;2;1;3;29m▄[38;2;2;1;26;48;2;93;80;85m▄[38;2;13;3;25;48;2;127;102;96m▄[38;2;71;46;39;48;2;150;117;100m▄[38;2;42;21;25;48;2;6;1;25m▄[38;2;4;2;28;48;2;3;1;23m▄[38;2;3;3;24;48;2;98;77;91m▄[38;2;107;82;86;48;2;99;35;39m▄[38;2;143;128;127;48;2;160;75;87m▄[38;2;60;14;16;48;2;86;12;15m▄[38;2;121;45;56;48;2;59;8;16m▄[38;2;104;19;25;48;2;78;15;19m▄[38;2;87;13;23;48;2;99;29;29m▄[38;2;66;18;26;48;2;80;16;20m▄[38;2;94;68;69;48;2;27;0;10m▄[38;2;152;116;103;48;2;130;101;87m▄[38;2;54;37;35;48;2;146;119;103m▄[38;2;22;8;22;48;2;64;43;45m▄[38;2;39;20;30;48;2;75;58;59m▄[38;2;109;78;64;48;2;98;80;80m▄[38;2;153;114;98;48;2;56;34;34m▄[38;2;103;80;68;48;2;103;79;67m▄[38;2;114;87;82;48;2;52;26;27m▄[38;2;142;115;105;48;2;12;2;13m▄[38;2;116;96;99;48;2;5;1;25m▄[38;2;73;56;63;48;2;1;2;28m▄[38;2;130;100;95;48;2;18;4;13m▄[38;2;109;86;81;48;2;148;117;100m▄[38;2;73;24;35;48;2;73;28;40m▄[38;2;9;2;22;48;2;52;11;28m▄[38;2;2;1;32;48;2;2;1;30m▄[38;2;2;2;32;48;2;3;1;28m▄[38;2;0;2;30;48;2;3;0;27m▄[38;2;0;3;31;48;2;4;1;27m▄[38;2;0;1;30;48;2;3;1;26m▄[m
[38;2;0;3;28;48;2;0;2;29m▄[38;2;5;1;29;48;2;2;0;25m▄[38;2;3;3;31;48;2;39;19;36m▄[38;2;23;0;16;48;2;25;2;12m▄[38;2;65;19;32;48;2;94;75;81m▄[38;2;44;31;31;48;2;122;101;96m▄[38;2;48;29;36;48;2;2;0;26m▄[38;2;28;19;28;48;2;0;1;25m▄[38;2;108;76;75;48;2;20;1;10m▄[38;2;146;118;106;48;2;151;118;105m▄[38;2;86;63;51;48;2;43;26;29m▄[38;2;11;1;19;48;2;8;1;30m▄[38;2;4;3;26;48;2;1;2;25m▄[38;2;7;0;24;48;2;45;26;35m▄[38;2;11;5;18;48;2;179;162;152m▄[38;2;196;177;164;48;2;68;25;32m▄[38;2;27;0;6;48;2;100;25;27m▄[38;2;83;18;19;48;2;77;19;21m▄[38;2;64;14;25;48;2;64;17;31m▄[38;2;91;81;82;48;2;101;80;73m▄[38;2;63;63;71;48;2;90;65;61m▄[38;2;2;1;27;48;2;3;0;22m▄[38;2;2;2;28;48;2;2;2;27m▄[38;2;1;2;28;48;2;1;2;26m▄[38;2;1;1;29;48;2;42;28;40m▄[38;2;5;2;19;48;2;116;88;78m▄[38;2;3;0;27;48;2;42;24;43m▄[38;2;0;4;30;48;2;7;4;19m▄[38;2;9;1;20;48;2;69;40;51m▄[38;2;146;118;104;48;2;104;79;61m▄[38;2;112;86;75;48;2;137;110;91m▄[38;2;40;5;9;48;2;153;117;106m▄[38;2;122;48;53;48;2;41;5;7m▄[38;2;17;0;15;48;2;91;16;18m▄[38;2;11;2;16;48;2;28;2;18m▄[38;2;11;2;16;48;2;23;1;16m▄[38;2;16;0;18;48;2;19;1;18m▄[38;2;46;15;24;48;2;16;2;25m▄[38;2;58;25;42;48;2;7;1;27m▄[38;2;10;0;22;48;2;1;1;28m▄[m
[38;2;2;2;25;48;2;6;0;32m▄[38;2;1;1;32;48;2;1;2;26m▄[38;2;4;1;32;48;2;0;3;27m▄[38;2;5;1;25;48;2;0;3;31m▄[38;2;5;1;26;48;2;65;20;36m▄[38;2;78;28;38;48;2;49;23;40m▄[38;2;180;156;148;48;2;170;139;130m▄[38;2;19;11;27;48;2;66;46;51m▄[38;2;0;2;29;48;2;25;14;28m▄[38;2;1;1;28;48;2;26;14;29m▄[38;2;25;9;18;48;2;116;96;97m▄[38;2;180;155;139;48;2;121;100;96m▄[38;2;150;124;118;48;2;84;70;79m▄[38;2;9;4;18;48;2;99;79;82m▄[38;2;3;1;33;48;2;5;2;23m▄[38;2;26;13;24;48;2;90;73;73m▄[38;2;176;155;154;48;2;143;120;117m▄[38;2;109;39;46;48;2;104;32;44m▄[38;2;80;19;28;48;2;80;28;39m▄[38;2;27;0;10;48;2;89;97;101m▄[38;2;85;97;106;48;2;96;104;107m▄[38;2;98;95;90;48;2;55;46;64m▄[38;2;62;45;39;48;2;7;0;26m▄[38;2;185;168;160;48;2;4;3;24m▄[38;2;210;193;186;48;2;5;2;22m▄[38;2;24;9;17;48;2;4;2;30m▄[38;2;5;0;18;48;2;2;2;34m▄[38;2;46;28;27;48;2;1;1;27m▄[38;2;106;77;72;48;2;35;21;38m▄[38;2;52;28;28;48;2;124;96;87m▄[38;2;22;7;27;48;2;66;32;38m▄[38;2;50;117;128;48;2;69;40;54m▄[38;2;109;150;150;48;2;83;108;104m▄[38;2;52;115;124;48;2;58;119;121m▄[38;2;0;65;72;48;2;49;116;126m▄[38;2;154;158;149;48;2;9;71;86m▄[38;2;130;157;151;48;2;73;103;101m▄[38;2;20;59;58;48;2;99;89;91m▄[38;2;70;70;60;48;2;65;54;62m▄[38;2;82;79;80;48;2;35;11;25m▄[m
[38;2;0;3;29;48;2;1;2;30m▄[38;2;4;1;31;48;2;2;2;27m▄[38;2;1;3;26;48;2;3;1;33m▄[38;2;5;0;30;48;2;0;3;27m▄[38;2;2;2;27;48;2;2;1;31m▄[38;2;44;8;24;48;2;65;15;26m▄[38;2;14;0;16;48;2;60;29;25m▄[38;2;106;99;97;48;2;74;58;66m▄[38;2;19;12;32;48;2;4;2;27m▄[38;2;5;2;24;48;2;84;78;92m▄[38;2;4;2;25;48;2;113;89;91m▄[38;2;7;1;22;48;2;53;29;26m▄[38;2;127;101;97;48;2;173;147;137m▄[38;2;163;148;134;48;2;39;26;38m▄[38;2;97;103;105;48;2;46;26;36m▄[38;2;58;17;34;48;2;84;66;71m▄[38;2;77;39;47;48;2;88;33;47m▄[38;2;12;21;34;48;2;128;49;57m▄[38;2;71;47;49;48;2;115;46;54m▄[38;2;86;35;47;48;2;72;0;8m▄[38;2;90;32;44;48;2;101;41;48m▄[38;2;76;29;36;48;2;16;0;6m▄[38;2;7;0;22;48;2;51;52;55m▄[38;2;24;50;65;48;2;7;3;10m▄[38;2;49;94;97;48;2;135;122;115m▄[38;2;91;72;76;48;2;177;154;139m▄[38;2;102;80;80;48;2;146;119;105m▄[38;2;30;3;13;48;2;141;117;103m▄[38;2;35;13;23;48;2;71;47;49m▄[38;2;86;72;73;48;2;52;27;48m▄[38;2;174;190;178;48;2;21;49;57m▄[38;2;154;165;157;48;2;5;59;61m▄[38;2;156;172;168;48;2;58;113;117m▄[38;2;63;99;92;48;2;211;218;210m▄[38;2;23;77;82;48;2;221;238;228m▄[38;2;108;132;122;48;2;54;65;63m▄[38;2;26;91;96;48;2;31;86;98m▄[38;2;7;60;72;48;2;15;82;91m▄[38;2;20;17;34;48;2;23;58;65m▄[38;2;27;13;32;48;2;12;0;11m▄[m
[38;2;80;16;28;48;2;9;1;20m▄[38;2;90;45;57;48;2;4;1;30m▄[38;2;101;42;51;48;2;7;2;26m▄[38;2;88;31;37;48;2;19;0;20m▄[38;2;46;10;13;48;2;22;0;14m▄[38;2;53;30;44;48;2;63;13;25m▄[38;2;45;79;106;48;2;61;22;46m▄[38;2;43;79;111;48;2;83;90;106m▄[38;2;33;46;69;48;2;177;154;149m▄[38;2;47;32;37;48;2;48;29;30m▄[38;2;90;63;65;48;2;9;1;16m▄[38;2;102;81;72;48;2;49;28;33m▄[38;2;13;4;20;48;2;100;79;80m▄[38;2;2;18;29;48;2;38;76;83m▄[38;2;103;169;171;48;2;6;61;71m▄[38;2;145;182;176;48;2;23;33;40m▄[38;2;216;236;215;48;2;168;162;158m▄[38;2;42;103;108;48;2;1;64;71m▄[38;2;174;211;212;48;2;88;117;108m▄[38;2;133;203;198;48;2;104;149;157m▄[38;2;175;224;221;48;2;155;179;178m▄[38;2;173;251;249;48;2;32;55;66m▄[38;2;234;255;255;48;2;35;56;62m▄[38;2;254;250;249;48;2;191;201;187m▄[38;2;235;226;206;48;2;130;131;114m▄[38;2;166;150;118;48;2;58;54;53m▄[38;2;2;4;25;48;2;38;16;31m▄[38;2;110;110;122;48;2;64;23;40m▄[38;2;105;112;99;48;2;31;20;21m▄[38;2;36;106;112;48;2;124;132;116m▄[38;2;55;153;163;48;2;45;105;111m▄[38;2;100;157;157;48;2;69;123;124m▄[38;2;107;131;111;48;2;13;62;65m▄[38;2;24;106;112;48;2;55;138;148m▄[38;2;10;73;82;48;2;79;159;169m▄[38;2;5;20;35;48;2;111;134;124m▄[38;2;94;141;142;48;2;135;145;136m▄[38;2;9;6;18;48;2;5;4;22m▄[38;2;22;3;19;48;2;29;5;17m▄[38;2;29;14;33;48;2;3;2;29m▄[m
[38;2;17;0;14;48;2;73;22;34m▄[38;2;112;52;64;48;2;24;0;11m▄[38;2;16;0;6;48;2;28;10;10m▄[38;2;9;2;18;48;2;63;31;23m▄[38;2;12;63;68;48;2;121;122;124m▄[38;2;115;130;120;48;2;131;122;117m▄[38;2;213;241;237;48;2;74;157;171m▄[38;2;233;255;255;48;2;44;120;151m▄[38;2;240;255;251;48;2;101;124;132m▄[38;2;158;167;152;48;2;21;14;16m▄[38;2;109;116;108;48;2;2;3;25m▄[38;2;214;195;172;48;2;22;12;10m▄[38;2;246;237;226;48;2;231;221;205m▄[38;2;152;171;141;48;2;199;197;180m▄[38;2;178;206;193;48;2;131;190;180m▄[38;2;59;114;114;48;2;151;200;192m▄[38;2;212;240;235;48;2;89;152;155m▄[38;2;30;56;68;48;2;223;240;241m▄[38;2;7;10;29;48;2;93;140;150m▄[38;2;234;231;231;48;2;236;254;254m▄[38;2;16;28;46;48;2;92;167;177m▄[38;2;208;239;232;48;2;80;161;155m▄[38;2;77;161;165;48;2;120;189;182m▄[38;2;166;206;208;48;2;252;254;249m▄[38;2;255;253;243;48;2;252;255;245m▄[38;2;141;142;113;48;2;167;153;114m▄[38;2;0;63;76;48;2;90;103;113m▄[38;2;70;161;171;48;2;56;111;122m▄[38;2;62;144;154;48;2;16;91;95m▄[38;2;0;56;82;48;2;64;162;170m▄[38;2;0;50;66;48;2;72;150;171m▄[38;2;17;60;71;48;2;12;50;73m▄[38;2;37;54;63;48;2;119;128;110m▄[38;2;7;2;16;48;2;32;57;69m▄[38;2;13;59;71;48;2;25;54;72m▄[38;2;29;118;124;48;2;81;146;158m▄[38;2;83;131;131;48;2;140;231;233m▄[38;2;197;199;181;48;2;76;114;108m▄[38;2;12;23;39;48;2;70;62;75m▄[38;2;17;1;7;48;2;49;13;24m▄[m
[38;2;9;1;24;48;2;7;2;25m▄[38;2;83;33;50;48;2;56;9;19m▄[38;2;121;47;59;48;2;66;18;30m▄[38;2;14;0;18;48;2;4;2;25m▄[38;2;172;161;149;48;2;131;133;138m▄[38;2;0;6;28;48;2;95;121;124m▄[38;2;0;3;22;48;2;19;58;72m▄[38;2;92;88;94;48;2;136;158;159m▄[38;2;25;58;76;48;2;26;83;92m▄[38;2;78;159;170;48;2;34;101;109m▄[38;2;53;149;160;48;2;47;105;107m▄[38;2;189;202;188;48;2;171;164;138m▄[38;2;199;189;164;48;2;248;246;237m▄[38;2;235;233;222;48;2;221;218;198m▄[38;2;148;171;158;48;2;67;135;133m▄[38;2;50;92;95;48;2;124;142;144m▄[38;2;238;234;215;48;2;148;155;149m▄[38;2;73;89;79;48;2;242;243;234m▄[38;2;215;226;216;48;2;208;220;214m▄[38;2;72;162;160;48;2;174;219;218m▄[38;2;144;160;149;48;2;183;183;179m▄[38;2;0;8;7;48;2;104;117;119m▄[38;2;232;233;222;48;2;34;84;92m▄[38;2;235;222;200;48;2;190;213;203m▄[38;2;116;134;116;48;2;201;196;169m▄[38;2;36;96;103;48;2;73;102;93m▄[38;2;82;157;182;48;2;48;144;153m▄[38;2;16;48;70;48;2;33;102;125m▄[38;2;15;53;68;48;2;18;47;71m▄[38;2;29;56;69;48;2;17;54;68m▄[38;2;10;0;22;48;2;20;58;69m▄[38;2;43;14;33;48;2;15;26;42m▄[38;2;12;0;16;48;2;27;9;27m▄[38;2;214;217;206;48;2;20;19;39m▄[38;2;248;255;251;48;2;37;90;95m▄[38;2;51;66;82;48;2;159;190;192m▄[38;2;8;71;84;48;2;132;157;152m▄[38;2;51;112;122;48;2;41;90;94m▄[38;2;38;32;37;48;2;10;23;42m▄[38;2;202;197;200;48;2;192;182;171m▄[m
[38;2;89;29;37;48;2;78;32;49m▄[38;2;101;97;122;48;2;102;92;114m▄[38;2;14;6;24;48;2;9;1;22m▄[38;2;139;126;118;48;2;13;0;9m▄[38;2;117;110;92;48;2;4;5;10m▄[38;2;47;70;82;48;2;56;68;77m▄[38;2;8;22;43;48;2;3;3;23m▄[38;2;61;74;71;48;2;67;62;66m▄[38;2;18;20;33;48;2;0;4;25m▄[38;2;0;3;26;48;2;11;60;71m▄[38;2;21;60;75;48;2;39;135;145m▄[38;2;13;43;61;48;2;43;115;115m▄[38;2;69;131;145;48;2;10;19;18m▄[38;2;70;163;168;48;2;48;118;130m▄[38;2;92;200;206;48;2;77;156;162m▄[38;2;73;177;186;48;2;31;67;71m▄[38;2;31;56;72;48;2;44;57;60m▄[38;2;57;100;101;48;2;192;198;174m▄[38;2;113;152;143;48;2;118;150;144m▄[38;2;21;40;45;48;2;138;172;167m▄[38;2;43;42;46;48;2;45;49;56m▄[38;2;1;2;25;48;2;38;52;46m▄[38;2;0;2;29;48;2;42;54;49m▄[38;2;83;91;92;48;2;213;205;193m▄[38;2;28;77;79;48;2;239;255;255m▄[38;2;92;109;106;48;2;218;247;244m▄[38;2;144;155;147;48;2;74;108;122m▄[38;2;64;80;70;48;2;22;57;66m▄[38;2;22;6;26;48;2;12;39;52m▄[38;2;7;0;26;48;2;31;16;33m▄[38;2;36;11;32;48;2;20;0;14m▄[38;2;7;20;37;48;2;36;17;32m▄[38;2;0;5;31;48;2;0;4;25m▄[38;2;32;97;111;48;2;29;58;57m▄[38;2;183;175;152;48;2;168;166;146m▄[38;2;32;56;67;48;2;0;3;19m▄[38;2;38;86;93;48;2;44;115;124m▄[38;2;1;3;25;48;2;0;10;28m▄[38;2;125;125;116;48;2;152;145;143m▄[38;2;163;158;173;48;2;3;3;22m▄[m
[38;2;87;32;39;48;2;86;32;47m▄[38;2;79;120;148;48;2;77;121;143m▄[38;2;81;80;90;48;2;57;48;65m▄[38;2;44;23;38;48;2;2;1;18m▄[38;2;11;71;78;48;2;187;199;192m▄[38;2;205;220;211;48;2;188;225;216m▄[38;2;60;92;93;48;2;69;109;112m▄[38;2;147;154;137;48;2;17;21;26m▄[38;2;102;104;109;48;2;79;80;81m▄[38;2;23;14;22;48;2;35;55;58m▄[38;2;51;52;60;48;2;3;3;21m▄[38;2;151;214;149;48;2;52;115;119m▄[38;2;179;202;145;48;2;169;232;183m▄[38;2;151;195;104;48;2;229;255;234m▄[38;2;77;94;45;48;2;89;159;146m▄[38;2;109;171;92;48;2;73;163;152m▄[38;2;38;118;120;48;2;68;161;170m▄[38;2;3;17;40;48;2;8;19;39m▄[38;2;5;13;34;48;2;26;51;59m▄[38;2;161;161;133;48;2;128;129;115m▄[38;2;62;78;78;48;2;12;26;44m▄[38;2;0;4;21;48;2;7;0;34m▄[38;2;110;103;105;48;2;0;4;27m▄[38;2;189;179;153;48;2;97;104;103m▄[38;2;215;210;188;48;2;227;235;229m▄[38;2;161;162;145;48;2;10;20;34m▄[38;2;104;101;109;48;2;0;4;22m▄[38;2;43;14;25;48;2;11;2;12m▄[38;2;8;1;23;48;2;25;12;30m▄[38;2;34;13;36;48;2;7;0;22m▄[38;2;93;126;137;48;2;19;3;20m▄[38;2;97;168;170;48;2;104;195;192m▄[38;2;185;202;206;48;2;0;11;29m▄[38;2;21;18;28;48;2;34;88;91m▄[38;2;25;28;32;48;2;206;196;175m▄[38;2;187;196;199;48;2;227;235;225m▄[38;2;200;207;208;48;2;180;184;184m▄[38;2;201;199;189;48;2;45;53;51m▄[38;2;77;94;110;48;2;223;208;197m▄[38;2;47;36;45;48;2;2;3;18m▄[m
[38;2;87;29;43;48;2;81;28;36m▄[38;2;71;90;111;48;2;128;129;151m▄[38;2;122;119;111;48;2;88;85;77m▄[38;2;0;4;20;48;2;50;21;36m▄[38;2;73;108;116;48;2;26;58;75m▄[38;2;207;211;199;48;2;192;200;191m▄[38;2;23;60;65;48;2;4;60;68m▄[38;2;4;29;43;48;2;14;60;63m▄[38;2;104;55;74;48;2;13;0;19m▄[38;2;117;143;154;48;2;95;50;63m▄[38;2;42;6;11;48;2;33;2;14m▄[38;2;74;38;53;48;2;121;153;87m▄[38;2;140;167;115;48;2;19;69;3m▄[38;2;212;252;178;48;2;117;160;74m▄[38;2;62;118;73;48;2;211;253;160m▄[38;2;13;70;85;48;2;104;177;133m▄[38;2;0;8;14;48;2;53;108;114m▄[38;2;141;142;129;48;2;5;15;33m▄[38;2;209;204;187;48;2;56;76;71m▄[38;2;89;77;73;48;2;197;193;168m▄[38;2;190;178;164;48;2;225;217;198m▄[38;2;89;80;67;48;2;235;232;210m▄[38;2;207;198;174;48;2;177;170;143m▄[38;2;157;149;115;48;2;129;122;88m▄[38;2;136;128;105;48;2;132;126;104m▄[38;2;7;2;26;48;2;140;131;118m▄[38;2;9;1;19;48;2;17;1;6m▄[38;2;242;227;236;48;2;41;12;27m▄[38;2;165;156;162;48;2;43;16;29m▄[38;2;40;16;32;48;2;52;9;24m▄[38;2;86;124;134;48;2;120;152;160m▄[38;2;28;65;71;48;2;193;202;185m▄[38;2;37;116;123;48;2;8;63;64m▄[38;2;0;4;30;48;2;14;33;54m▄[38;2;16;61;66;48;2;1;8;31m▄[38;2;241;241;226;48;2;212;212;202m▄[38;2;208;216;210;48;2;73;90;109m▄[38;2;0;5;35;48;2;0;1;27m▄[38;2;15;30;67;48;2;14;41;85m▄[38;2;30;44;79;48;2;19;28;64m▄[m
[38;2;85;32;40;48;2;89;30;42m▄[38;2;73;89;114;48;2;108;115;138m▄[38;2;13;25;42;48;2;92;91;100m▄[38;2;233;232;221;48;2;130;126;135m▄[38;2;0;3;21;48;2;100;104;114m▄[38;2;0;5;31;48;2;110;127;121m▄[38;2;2;3;18;48;2;165;166;145m▄[38;2;2;5;20;48;2;109;120;117m▄[38;2;63;86;103;48;2;58;23;37m▄[38;2;24;45;61;48;2;67;117;118m▄[38;2;70;102;112;48;2;65;72;87m▄[38;2;90;35;44;48;2;48;11;24m▄[38;2;6;1;23;48;2;28;12;18m▄[38;2;54;8;22;48;2;14;27;40m▄[38;2;57;24;46;48;2;11;27;43m▄[38;2;98;87;79;48;2;49;57;67m▄[38;2;208;201;171;48;2;185;174;150m▄[38;2;60;56;45;48;2;149;142;119m▄[38;2;85;78;61;48;2;68;59;56m▄[38;2;81;81;62;48;2;30;31;34m▄[38;2;70;65;48;48;2;33;31;33m▄[38;2;55;53;40;48;2;32;31;31m▄[38;2;3;2;10;48;2;41;35;42m▄[38;2;25;21;25;48;2;217;208;186m▄[38;2;204;198;176;48;2;130;113;92m▄[38;2;77;74;80;48;2;42;38;44m▄[38;2;84;80;67;48;2;31;30;28m▄[38;2;235;233;217;48;2;255;252;248m▄[38;2;90;57;35;48;2;195;175;151m▄[38;2;94;52;18;48;2;100;71;62m▄[38;2;19;3;3;48;2;46;62;75m▄[38;2;96;149;160;48;2;43;122;133m▄[38;2;225;236;224;48;2;46;116;121m▄[38;2;241;245;246;48;2;10;18;38m▄[38;2;247;254;245;48;2;146;156;142m▄[38;2;68;113;10;48;2;236;249;190m▄[38;2;27;71;6;48;2;138;193;106m▄[38;2;248;254;250;48;2;149;155;165m▄[38;2;2;3;25;48;2;120;132;146m▄[38;2;19;46;90;48;2;101;113;137m▄[m
[38;2;75;25;36;48;2;89;31;43m▄[38;2;22;29;49;48;2;51;65;85m▄[38;2;18;27;48;48;2;0;2;31m▄[38;2;28;44;53;48;2;24;48;59m▄[38;2;106;107;104;48;2;196;198;198m▄[38;2;11;12;37;48;2;0;2;27m▄[38;2;10;21;37;48;2;3;4;29m▄[38;2;19;21;42;48;2;149;165;170m▄[38;2;49;61;71;48;2;228;233;232m▄[38;2;141;151;164;48;2;27;46;55m▄[38;2;68;77;84;48;2;72;103;112m▄[38;2;85;35;48;48;2;165;72;82m▄[38;2;28;9;12;48;2;57;20;39m▄[38;2;240;230;214;48;2;21;1;7m▄[38;2;9;2;17;48;2;5;4;17m▄[38;2;135;125;98;48;2;198;181;151m▄[38;2;59;53;34;48;2;87;81;59m▄[38;2;72;69;58;48;2;78;74;64m▄[38;2;131;130;101;48;2;91;87;72m▄[38;2;136;129;102;48;2;136;130;102m▄[38;2;152;143;111;48;2;173;167;128m▄[38;2;177;166;132;48;2;137;128;110m▄[38;2;52;53;35;48;2;53;54;36m▄[38;2;42;39;41;48;2;43;37;40m▄[38;2;98;94;77;48;2;172;165;140m▄[38;2;71;63;59;48;2;29;26;33m▄[38;2;36;37;36;48;2;89;80;60m▄[38;2;133;130;103;48;2;140;127;98m▄[38;2;85;74;55;48;2;72;45;22m▄[38;2;79;60;52;48;2;40;18;0m▄[38;2;32;10;14;48;2;118;78;56m▄[38;2;21;4;24;48;2;7;17;32m▄[38;2;70;106;120;48;2;66;111;108m▄[38;2;26;98;108;48;2;31;60;75m▄[38;2;0;1;28;48;2;0;8;24m▄[38;2;142;142;126;48;2;112;136;88m▄[38;2;176;175;176;48;2;185;204;178m▄[38;2;3;12;45;48;2;1;2;35m▄[38;2;11;23;58;48;2;0;3;31m▄[38;2;22;48;93;48;2;22;48;92m▄[m
[38;2;15;1;19;48;2;22;1;15m▄[38;2;7;1;22;48;2;10;1;19m▄[38;2;45;50;71;48;2;30;33;53m▄[38;2;72;77;81;48;2;58;68;68m▄[38;2;235;247;211;48;2;251;254;217m▄[38;2;192;214;184;48;2;195;228;168m▄[38;2;72;84;92;48;2;26;47;52m▄[38;2;165;164;158;48;2;23;27;37m▄[38;2;186;198;210;48;2;16;46;75m▄[38;2;7;3;22;48;2;58;95;131m▄[38;2;27;7;11;48;2;10;2;6m▄[38;2;24;3;2;48;2;34;20;12m▄[38;2;106;71;49;48;2;63;33;19m▄[38;2;47;26;8;48;2;183;161;131m▄[38;2;86;76;69;48;2;6;4;8m▄[38;2;69;66;66;48;2;196;180;166m▄[38;2;205;198;171;48;2;86;81;63m▄[38;2;38;29;26;48;2;54;52;35m▄[38;2;53;52;45;48;2;92;88;68m▄[38;2;70;69;50;48;2;132;130;97m▄[38;2;101;97;77;48;2;135;132;99m▄[38;2;180;170;153;48;2;136;127;104m▄[38;2;17;15;20;48;2;52;52;41m▄[38;2;40;37;40;48;2;42;38;45m▄[38;2;132;132;105;48;2;85;81;60m▄[38;2;52;53;40;48;2;83;77;59m▄[38;2;21;9;21;48;2;3;3;18m▄[38;2;68;32;44;48;2;83;78;75m▄[38;2;38;14;35;48;2;57;52;49m▄[38;2;10;1;25;48;2;37;16;32m▄[38;2;1;1;30;48;2;19;3;28m▄[38;2;10;2;29;48;2;20;0;13m▄[38;2;29;14;30;48;2;7;1;20m▄[38;2;77;99;100;48;2;59;108;103m▄[38;2;78;88;84;48;2;3;3;16m▄[38;2;156;180;106;48;2;237;236;200m▄[38;2;95;122;70;48;2;205;216;203m▄[38;2;204;215;220;48;2;14;28;69m▄[38;2;172;178;183;48;2;11;31;74m▄[38;2;17;0;10;48;2;25;24;58m▄[m
[38;2;2;1;23;48;2;16;0;25m▄[38;2;41;16;34;48;2;3;1;22m▄[38;2;34;47;68;48;2;42;57;71m▄[38;2;0;4;29;48;2;0;3;29m▄[38;2;162;163;152;48;2;229;229;220m▄[38;2;239;236;229;48;2;211;215;211m▄[38;2;0;6;24;48;2;28;41;59m▄[38;2;44;57;78;48;2;23;30;45m▄[38;2;6;1;22;48;2;20;47;81m▄[38;2;60;3;22;48;2;94;33;47m▄[38;2;9;2;21;48;2;121;62;68m▄[38;2;4;0;31;48;2;70;34;53m▄[38;2;16;0;21;48;2;41;6;8m▄[38;2;19;0;12;48;2;23;1;14m▄[38;2;54;27;47;48;2;50;45;47m▄[38;2;24;9;29;48;2;37;27;38m▄[38;2;35;17;35;48;2;162;149;141m▄[38;2;8;1;8;48;2;187;177;162m▄[38;2;132;131;115;48;2;11;8;14m▄[38;2;3;2;16;48;2;50;47;54m▄[38;2;194;182;156;48;2;106;96;82m▄[38;2;176;163;137;48;2;212;199;176m▄[38;2;80;80;61;48;2;54;53;47m▄[38;2;53;53;49;48;2;39;35;38m▄[38;2;6;1;18;48;2;76;74;73m▄[38;2;55;51;53;48;2;47;47;51m▄[38;2;18;0;9;48;2;31;1;7m▄[38;2;73;36;57;48;2;57;5;23m▄[38;2;10;1;21;48;2;6;2;29m▄[38;2;2;2;23;48;2;2;3;27m▄[38;2;65;29;50;48;2;2;1;31m▄[38;2;20;12;22;48;2;27;4;18m▄[38;2;43;53;61;48;2;18;5;24m▄[38;2;6;33;51;48;2;45;80;98m▄[38;2;3;3;28;48;2;0;6;25m▄[38;2;163;153;135;48;2;187;192;164m▄[38;2;0;4;36;48;2;177;189;205m▄[38;2;17;26;64;48;2;0;3;29m▄[38;2;13;37;75;48;2;100;116;136m▄[38;2;16;0;21;48;2;197;179;190m▄[m
[38;2;6;2;26;48;2;3;1;30m▄[38;2;22;0;11;48;2;43;14;29m▄[38;2;36;11;31;48;2;30;40;60m▄[38;2;68;92;113;48;2;41;57;76m▄[38;2;60;68;70;48;2;52;62;76m▄[38;2;197;213;158;48;2;246;239;233m▄[38;2;30;46;49;48;2;0;2;20m▄[38;2;124;127;121;48;2;40;60;70m▄[38;2;11;0;21;48;2;17;0;19m▄[38;2;15;0;21;48;2;19;0;15m▄[38;2;1;1;33;48;2;3;1;27m▄[38;2;3;1;29;48;2;4;1;27m▄[38;2;4;0;26;48;2;1;2;30m▄[38;2;0;4;27;48;2;7;1;30m▄[38;2;11;0;23;48;2;7;1;23m▄[38;2;51;12;23;48;2;9;1;25m▄[38;2;51;28;44;48;2;16;0;23m▄[38;2;50;44;43;48;2;14;2;17m▄[38;2;56;52;47;48;2;8;6;21m▄[38;2;52;52;40;48;2;33;31;38m▄[38;2;69;66;53;48;2;113;102;93m▄[38;2;90;81;56;48;2;138;131;102m▄[38;2;175;165;129;48;2;71;67;49m▄[38;2;136;130;105;48;2;40;37;42m▄[38;2;83;81;57;48;2;69;68;60m▄[38;2;85;79;59;48;2;77;77;63m▄[38;2;89;84;57;48;2;85;80;73m▄[38;2;128;130;111;48;2;81;72;71m▄[38;2;52;11;23;48;2;52;17;30m▄[38;2;93;29;37;48;2;37;7;24m▄[38;2;108;116;128;48;2;24;4;20m▄[38;2;85;104;104;48;2;128;140;149m▄[38;2;203;224;222;48;2;125;149;149m▄[38;2;96;90;102;48;2;96;106;115m▄[38;2;172;161;156;48;2;25;33;43m▄[38;2;175;160;130;48;2;171;160;134m▄[38;2;8;13;30;48;2;0;3;27m▄[38;2;208;223;222;48;2;97;103;122m▄[38;2;54;62;71;48;2;30;37;58m▄[38;2;8;1;17;48;2;17;0;21m▄[m
[38;2;35;7;25;48;2;45;12;29m▄[38;2;27;4;20;48;2;50;12;23m▄[38;2;52;10;22;48;2;42;11;28m▄[38;2;44;46;67;48;2;74;82;86m▄[38;2;22;47;59;48;2;208;203;194m▄[38;2;107;119;91;48;2;60;108;11m▄[38;2;6;3;13;48;2;231;236;224m▄[38;2;11;20;42;48;2;31;46;55m▄[38;2;23;46;59;48;2;37;38;56m▄[38;2;29;11;29;48;2;62;25;39m▄[38;2;24;11;26;48;2;3;1;23m▄[38;2;17;6;25;48;2;2;2;29m▄[38;2;5;1;27;48;2;2;2;32m▄[38;2;2;1;30;48;2;0;3;30m▄[38;2;1;1;29;48;2;16;0;23m▄[38;2;26;6;23;48;2;42;10;21m▄[38;2;64;19;22;48;2;17;0;17m▄[38;2;114;96;92;48;2;211;191;167m▄[38;2;164;153;135;48;2;123;122;100m▄[38;2;210;199;179;48;2;83;82;68m▄[38;2;208;202;177;48;2;157;151;123m▄[38;2;209;200;180;48;2;177;165;127m▄[38;2;192;185;168;48;2;180;161;128m▄[38;2;167;159;138;48;2;179;166;131m▄[38;2;125;111;101;48;2;211;199;171m▄[38;2;36;30;37;48;2;207;199;172m▄[38;2;35;3;18;48;2;133;126;109m▄[38;2;14;0;16;48;2;74;39;58m▄[38;2;4;2;28;48;2;24;0;14m▄[38;2;65;23;30;48;2;89;35;46m▄[38;2;137;150;161;48;2;140;149;162m▄[38;2;204;214;216;48;2;133;151;154m▄[38;2;22;5;23;48;2;0;7;18m▄[38;2;59;11;27;48;2;60;16;26m▄[38;2;6;2;19;48;2;4;5;18m▄[38;2;71;81;90;48;2;21;12;9m▄[38;2;99;113;115;48;2;91;108;114m▄[38;2;97;113;121;48;2;39;58;62m▄[38;2;42;50;65;48;2;49;56;71m▄[38;2;86;98;110;48;2;86;98;108m▄[m
[38;2;57;9;22;48;2;48;14;19m▄[38;2;56;11;17;48;2;55;8;16m▄[38;2;58;9;17;48;2;64;10;22m▄[38;2;49;19;34;48;2;2;3;28m▄[38;2;52;63;82;48;2;47;67;81m▄[38;2;42;50;72;48;2;24;31;34m▄[38;2;58;67;62;48;2;171;162;146m▄[38;2;172;161;147;48;2;5;1;21m▄[38;2;168;160;164;48;2;0;5;20m▄[38;2;130;145;147;48;2;87;96;106m▄[38;2;138;155;162;48;2;62;66;78m▄[38;2;177;190;192;48;2;9;1;16m▄[38;2;52;48;63;48;2;18;4;22m▄[38;2;30;14;33;48;2;2;3;27m▄[38;2;1;4;29;48;2;0;1;29m▄[38;2;21;4;29;48;2;24;6;24m▄[38;2;52;10;23;48;2;55;8;20m▄[38;2;54;10;19;48;2;63;19;32m▄[38;2;50;11;20;48;2;54;21;28m▄[38;2;28;4;16;48;2;18;1;7m▄[38;2;31;10;30;48;2;12;2;12m▄[38;2;136;97;80;48;2;17;1;1m▄[38;2;85;44;23;48;2;8;1;3m▄[38;2;36;19;2;48;2;18;6;9m▄[38;2;79;45;31;48;2;34;19;8m▄[38;2;34;11;21;48;2;40;28;36m▄[38;2;19;3;27;48;2;61;22;33m▄[38;2;0;3;31;48;2;2;1;23m▄[38;2;4;1;30;48;2;3;1;33m▄[38;2;1;1;31;48;2;17;0;18m▄[38;2;39;11;28;48;2;12;4;24m▄[38;2;46;43;60;48;2;193;210;211m▄[38;2;41;14;29;48;2;46;11;31m▄[38;2;82;73;93;48;2;34;7;14m▄[38;2;137;150;162;48;2;205;221;228m▄[38;2;199;214;220;48;2;124;149;151m▄[38;2;84;99;107;48;2;172;182;188m▄[38;2;34;37;50;48;2;36;56;62m▄[38;2;37;43;57;48;2;67;70;85m▄[38;2;34;13;31;48;2;4;2;21m▄[m
[38;2;9;1;23;48;2;51;11;25m▄[38;2;7;0;20;48;2;40;13;26m▄[38;2;42;11;25;48;2;57;15;27m▄[38;2;92;92;109;48;2;61;21;39m▄[38;2;136;140;156;48;2;28;36;52m▄[38;2;55;71;81;48;2;5;4;26m▄[38;2;133;141;157;48;2;0;4;24m▄[38;2;36;19;39;48;2;115;112;112m▄[38;2;61;25;36;48;2;0;4;18m▄[38;2;12;1;17;48;2;88;101;108m▄[38;2;60;25;34;48;2;86;95;102m▄[38;2;7;3;14;48;2;79;101;102m▄[38;2;181;192;197;48;2;196;210;214m▄[38;2;10;0;22;48;2;11;0;12m▄[38;2;56;9;17;48;2;27;0;15m▄[38;2;31;8;25;48;2;53;12;22m▄[38;2;8;2;25;48;2;44;14;28m▄[38;2;0;2;29;48;2;16;2;23m▄[38;2;0;2;31;48;2;6;1;25m▄[38;2;4;1;28;48;2;5;0;28m▄[38;2;8;1;23;48;2;42;14;29m▄[38;2;42;13;32;48;2;18;2;5m▄[38;2;132;90;69;48;2;171;117;85m▄[38;2;104;66;40;48;2;43;20;1m▄[38;2;115;85;59;48;2;119;81;57m▄[38;2;38;5;27;48;2;36;12;27m▄[38;2;0;4;24;48;2;4;1;25m▄[38;2;0;4;29;48;2;6;1;30m▄[38;2;20;6;27;48;2;6;1;30m▄[38;2;9;1;22;48;2;16;2;18m▄[38;2;83;90;122;48;2;34;11;32m▄[38;2;126;147;171;48;2;23;20;38m▄[38;2;168;184;201;48;2;7;12;34m▄[38;2;0;5;25;48;2;113;133;151m▄[38;2;97;112;142;48;2;156;171;186m▄[38;2;50;58;81;48;2;0;3;31m▄[38;2;7;1;23;48;2;72;89;109m▄[38;2;36;16;36;48;2;83;91;110m▄[38;2;7;0;25;48;2;29;11;30m▄[38;2;2;2;29;48;2;5;1;22m▄[m
[38;2;2;2;29;48;2;2;2;31m▄[38;2;2;1;26;48;2;4;2;24m▄[38;2;34;12;33;48;2;39;10;25m▄[38;2;12;1;10;48;2;84;98;104m▄[38;2;44;57;67;48;2;57;65;82m▄[38;2;24;31;44;48;2;116;132;138m▄[38;2;85;99;108;48;2;55;67;76m▄[38;2;80;89;103;48;2;83;86;99m▄[38;2;89;99;108;48;2;36;12;21m▄[38;2;8;3;15;48;2;70;19;31m▄[38;2;61;18;29;48;2;58;7;16m▄[38;2;53;10;17;48;2;60;14;28m▄[38;2;64;16;27;48;2;74;62;74m▄[38;2;65;17;29;48;2;20;0;11m▄[38;2;56;8;18;48;2;55;9;19m▄[38;2;33;7;23;48;2;5;1;24m▄[38;2;2;1;30;48;2;0;1;31m▄[38;2;1;2;30;48;2;5;1;26m▄[38;2;0;2;30;48;2;1;2;30m▄[38;2;2;2;28;48;2;3;1;28m▄[38;2;2;1;29;48;2;2;1;26m▄[38;2;13;0;21;48;2;46;13;33m▄[38;2;13;0;11;48;2;123;81;66m▄[38;2;80;43;18;48;2;86;53;28m▄[38;2;8;0;17;48;2;45;23;22m▄[38;2;22;4;22;48;2;27;7;28m▄[38;2;4;0;29;48;2;5;2;27m▄[38;2;2;0;28;48;2;5;0;30m▄[38;2;41;16;32;48;2;33;8;23m▄[38;2;38;15;36;48;2;43;51;79m▄[38;2;39;16;37;48;2;55;61;94m▄[38;2;38;16;34;48;2;82;82;93m▄[38;2;38;16;37;48;2;2;2;21m▄[38;2;39;17;34;48;2;35;41;64m▄[38;2;36;16;37;48;2;5;1;23m▄[38;2;9;0;23;48;2;25;9;30m▄[38;2;4;1;30;48;2;24;7;24m▄[38;2;2;2;29;48;2;5;1;24m▄[38;2;1;2;30;48;2;3;0;26m▄[38;2;1;1;30;48;2;3;3;31m▄[m
