[48;2;39;183;0m[38;2;39;183;0m▄▄▄[48;2;22;157;0m[38;2;19;151;0m▄[48;2;51;21;90m[38;2;24;2;46m▄[48;2;19;141;0m[38;2;14;0;36m▄[48;2;19;151;0m[38;2;19;151;0m▄▄[48;2;10;118;0m[38;2;12;117;0m▄[48;2;13;127;0m▄[48;2;18;148;0m▄[48;2;12;117;0m[38;2;16;145;0m▄[38;2;19;151;0m▄[48;2;10;118;0m▄[48;2;15;136;0m[38;2;14;130;0m▄[48;2;18;148;0m[38;2;19;151;0m▄[48;2;12;117;0m[38;2;12;117;0m▄[48;2;13;128;0m▄[48;2;18;148;0m▄[48;2;12;117;0m▄[48;2;10;118;0m[38;2;19;141;0m▄[48;2;19;141;0m[38;2;108;46;162m▄[48;2;19;50;21m[38;2;234;132;224m▄[48;2;67;31;102m[38;2;255;187;231m▄[48;2;243;136;201m▄[48;2;249;150;208m[38;2;243;133;200m▄[48;2;255;182;229m▄[48;2;243;138;206m[38;2;198;75;214m▄[48;2;236;124;202m[38;2;188;62;219m▄[48;2;188;62;219m[38;2;108;46;162m▄[48;2;186;61;216m[38;2;57;24;97m▄[48;2;180;58;211m▄▄[48;2;183;61;217m▄[48;2;188;62;219m[38;2;108;46;162m▄[48;2;14;88;0m[38;2;188;62;219m▄[48;2;37;181;0m[38;2;13;8;32m▄[48;2;39;183;0m[38;2;19;151;0m▄[38;2;39;183;0m▄▄[0m
[48;2;26;165;0m[38;2;19;151;0m▄[38;2;15;140;0m▄[38;2;12;117;0m▄[48;2;14;130;0m▄[48;2;24;2;46m[38;2;24;2;46m▄[48;2;85;36;133m[38;2;188;62;219m▄[48;2;15;108;0m[38;2;30;76;32m▄[48;2;12;117;0m[38;2;19;151;0m▄[38;2;12;117;0m▄[48;2;15;136;0m▄[48;2;14;130;0m▄[48;2;16;147;0m[38;2;19;151;0m▄[48;2;19;151;0m▄[38;2;39;183;0m▄[48;2;15;140;0m[38;2;14;130;0m▄[48;2;12;117;0m[38;2;12;117;0m▄[38;2;19;151;0m▄▄[48;2;15;136;0m▄[48;2;15;78;7m[38;2;90;38;138m▄[48;2;116;36;142m[38;2;201;0;70m▄[48;2;188;62;219m[38;2;188;62;219m▄[48;2;248;146;208m[38;2;195;3;134m▄[48;2;253;156;213m[38;2;108;46;162m▄[48;2;188;62;219m[38;2;188;62;219m▄[48;2;153;55;193m▄[48;2;108;46;162m▄[48;2;120;43;156m[38;2;57;24;97m▄[48;2;76;33;123m▄[48;2;57;24;97m▄▄[38;2;14;0;36m▄▄▄[38;2;57;24;97m▄[48;2;103;37;139m▄[48;2;178;57;210m[38;2;112;48;164m▄[48;2;14;130;0m[38;2;14;0;36m▄[48;2;39;183;0m[38;2;30;169;0m▄[48;2;30;169;0m[38;2;39;183;0m▄[0m
[48;2;19;151;0m[38;2;12;117;0m▄[48;2;12;117;0m▄▄▄[48;2;24;2;46m[38;2;24;1;45m▄[48;2;188;62;219m[38;2;188;62;219m▄[48;2;138;70;141m[38;2;238;127;201m▄[48;2;12;117;0m[38;2;62;33;72m▄[48;2;19;151;0m[38;2;16;145;0m▄[38;2;20;152;0m▄[38;2;39;183;0m▄[48;2;39;183;0m[38;2;36;178;0m▄[38;2;19;151;0m▄[48;2;19;151;0m[38;2;39;183;0m▄[38;2;19;151;0m▄[48;2;12;117;0m▄[48;2;19;151;0m▄[48;2;16;103;1m[38;2;33;68;24m▄[48;2;201;0;70m[38;2;201;0;70m▄[48;2;255;0;18m[38;2;255;0;8m▄[48;2;255;45;30m[38;2;255;44;30m▄[48;2;201;0;70m[38;2;255;0;4m▄[48;2;255;51;27m[38;2;255;40;24m▄[48;2;201;0;70m[38;2;201;0;70m▄[38;2;255;33;22m▄[48;2;141;0;58m[38;2;255;0;10m▄[48;2;57;24;97m[38;2;57;24;97m▄[38;2;54;24;94m▄[38;2;46;19;80m▄[48;2;14;0;36m[38;2;19;151;0m▄[48;2;15;136;0m▄[48;2;19;151;0m▄▄▄▄[48;2;13;21;25m[38;2;13;128;0m▄[48;2;60;25;100m[38;2;16;0;38m▄[48;2;188;62;219m[38;2;171;58;208m▄[48;2;27;103;1m[38;2;27;103;1m▄[48;2;39;183;0m[38;2;34;176;0m▄[0m
[48;2;12;117;0m[38;2;19;151;0m▄▄▄[48;2;19;151;0m▄[48;2;13;110;0m[38;2;31;162;0m▄[48;2;188;62;219m[38;2;132;51;180m▄[48;2;153;55;193m[38;2;132;51;178m▄[48;2;243;133;200m[38;2;132;51;180m▄[48;2;57;24;97m[38;2;250;148;211m▄[48;2;13;36;18m[38;2;243;158;210m▄[48;2;39;183;0m[38;2;189;128;168m▄[38;2;67;60;76m▄[38;2;21;56;15m▄[48;2;19;151;0m[38;2;15;46;19m▄[38;2;13;127;0m▄[38;2;12;117;0m▄[48;2;12;117;0m[38;2;14;0;36m▄[48;2;100;4;87m[38;2;220;0;67m▄[48;2;255;0;57m[38;2;255;0;1m▄[48;2;255;33;22m[38;2;255;45;26m▄[48;2;255;51;27m[38;2;255;51;27m▄▄[48;2;255;0;13m▄[48;2;255;51;27m[38;2;255;0;8m▄[48;2;255;0;1m[38;2;255;0;1m▄[48;2;206;0;50m[38;2;63;0;55m▄[48;2;14;0;36m[38;2;201;0;70m▄[48;2;49;0;40m[38;2;43;103;10m▄[48;2;10;118;0m[38;2;19;151;0m▄[48;2;19;151;0m▄▄▄▄[38;2;32;172;0m▄▄[48;2;34;176;0m[38;2;39;183;0m▄[48;2;10;109;0m[38;2;19;128;0m▄[48;2;57;24;97m[38;2;57;24;97m▄[48;2;27;103;1m[38;2;18;76;3m▄[48;2;19;151;0m[38;2;39;183;0m▄[0m
[48;2;19;151;0m[38;2;19;151;0m▄▄[48;2;39;183;0m▄[38;2;34;176;0m▄[48;2;38;177;0m[38;2;39;183;0m▄[48;2;57;24;97m[38;2;12;117;0m▄[48;2;142;52;187m[38;2;129;45;164m▄[48;2;108;46;162m[38;2;108;46;162m▄▄[48;2;205;84;212m▄[48;2;255;187;231m[38;2;188;62;219m▄▄[48;2;255;182;229m▄[48;2;188;62;219m▄[48;2;32;9;61m▄[48;2;14;0;36m▄[38;2;243;133;200m▄[38;2;255;187;231m▄[48;2;255;0;57m▄[48;2;255;51;27m[38;2;243;133;200m▄[38;2;180;58;211m▄[38;2;14;0;36m▄[38;2;170;0;48m▄[48;2;255;0;1m[38;2;255;0;1m▄[48;2;255;0;57m[38;2;201;0;70m▄[48;2;201;0;70m▄[38;2;14;0;36m▄[48;2;34;147;0m[38;2;39;183;0m▄[48;2;19;151;0m[38;2;37;181;0m▄[38;2;19;151;0m▄▄▄[48;2;39;183;0m[38;2;39;183;0m▄[38;2;19;151;0m▄▄[38;2;18;33;24m▄[48;2;28;12;32m[38;2;254;201;0m▄[48;2;255;255;3m[38;2;255;255;3m▄[48;2;138;123;20m▄[48;2;39;183;0m[38;2;14;0;36m▄[0m
[48;2;25;160;0m[38;2;39;183;0m▄[38;2;32;172;0m▄[48;2;32;172;0m[38;2;19;151;0m▄[48;2;19;151;0m▄[48;2;19;153;0m▄[48;2;39;183;0m[38;2;39;183;0m▄[48;2;51;37;78m[38;2;14;130;0m▄[48;2;188;62;219m[38;2;14;0;36m▄[48;2;108;46;162m[38;2;108;46;162m▄[48;2;80;33;128m[38;2;43;15;76m▄[48;2;43;15;76m[38;2;14;0;36m▄[48;2;14;0;36m▄▄▄▄[48;2;43;15;76m▄[48;2;78;31;122m▄[48;2;133;42;162m▄[48;2;147;49;180m▄[48;2;193;97;190m▄[48;2;225;110;206m[38;2;60;25;100m▄[48;2;243;133;200m[38;2;188;62;219m▄[48;2;153;69;165m▄[48;2;69;16;92m[38;2;243;133;200m▄[48;2;141;0;58m[38;2;188;62;219m▄[48;2;152;0;72m[38;2;14;0;36m▄[48;2;20;138;0m[38;2;39;183;0m▄[48;2;33;174;0m[38;2;19;151;0m▄[48;2;31;171;0m▄[48;2;19;151;0m▄▄▄[38;2;39;183;0m▄▄[48;2;39;183;0m▄[48;2;20;72;10m▄[48;2;183;142;8m[38;2;19;141;0m▄[48;2;224;156;0m[38;2;14;0;36m▄[48;2;240;224;7m[38;2;13;64;4m▄[48;2;13;36;18m[38;2;19;151;0m▄[0m
[48;2;19;151;0m[38;2;19;151;0m▄▄▄▄[48;2;19;153;0m[38;2;20;152;0m▄[48;2;39;183;0m[38;2;39;183;0m▄[48;2;109;118;138m[38;2;37;63;46m▄[48;2;180;208;208m[38;2;218;255;248m▄[48;2;99;138;160m[38;2;50;63;94m▄[48;2;19;2;43m[38;2;108;151;172m▄[48;2;14;0;36m[38;2;14;0;36m▄▄[38;2;16;0;38m▄[48;2;48;19;84m[38;2;163;217;223m▄[48;2;62;126;152m[38;2;90;166;183m▄[48;2;0;103;134m[38;2;218;255;248m▄[38;2;163;217;223m▄[38;2;0;145;196m▄[48;2;6;87;126m[38;2;0;103;134m▄[48;2;0;82;115m▄[48;2;46;18;81m▄[48;2;22;3;46m[38;2;14;0;36m▄[48;2;60;20;92m▄[48;2;123;49;171m▄[48;2;171;58;208m[38;2;108;46;162m▄[48;2;112;48;164m[38;2;163;56;200m▄[48;2;154;49;183m[38;2;108;46;162m▄[48;2;31;148;0m[38;2;46;9;69m▄[48;2;33;175;0m[38;2;38;170;0m▄[48;2;14;26;26m[38;2;255;207;0m▄[48;2;16;97;2m[38;2;120;90;18m▄[48;2;19;151;0m[38;2;39;183;0m▄[48;2;39;183;0m▄▄▄[38;2;18;33;24m▄[48;2;20;34;26m[38;2;177;56;206m▄[48;2;19;151;0m[38;2;19;151;0m▄[38;2;14;130;0m▄[48;2;13;122;0m[38;2;19;151;0m▄[0m
[48;2;19;151;0m[38;2;22;145;0m▄[48;2;12;117;0m[38;2;25;160;0m▄[48;2;19;151;0m[38;2;30;169;0m▄[48;2;34;176;0m[38;2;19;99;1m▄[48;2;39;183;0m[38;2;121;92;19m▄[38;2;138;123;20m▄[48;2;22;145;0m[38;2;25;132;0m▄[48;2;57;24;97m[38;2;14;0;36m▄[48;2;120;170;189m[38;2;187;235;232m▄[48;2;72;85;124m[38;2;85;120;147m▄[48;2;163;217;223m[38;2;57;24;97m▄[48;2;34;30;63m[38;2;69;81;117m▄[48;2;22;12;45m[38;2;44;19;57m▄[48;2;255;207;0m[38;2;255;207;0m▄[48;2;234;236;140m[38;2;218;171;18m▄[48;2;218;255;248m[38;2;240;228;109m▄[38;2;218;255;248m▄[38;2;219;241;241m▄[38;2;198;180;212m▄[48;2;0;103;134m[38;2;206;153;229m▄[38;2;199;141;230m▄[48;2;0;165;226m[38;2;0;103;134m▄[48;2;102;108;152m[38;2;120;194;213m▄[48;2;14;0;36m[38;2;14;0;36m▄▄[48;2;27;6;54m▄[48;2;108;46;162m▄[48;2;123;49;171m[38;2;118;42;153m▄[48;2;104;44;158m[38;2;151;55;193m▄[48;2;14;0;36m[38;2;108;46;162m▄[48;2;236;175;0m[38;2;66;25;106m▄[48;2;14;0;36m[38;2;55;19;90m▄[48;2;19;151;0m[38;2;32;9;61m▄[48;2;12;79;0m[38;2;40;13;73m▄[48;2;14;0;36m[38;2;78;34;124m▄[48;2;163;54;195m[38;2;199;85;206m▄[48;2;228;124;189m[38;2;36;20;64m▄[48;2;19;151;0m[38;2;19;151;0m▄[38;2;24;158;0m▄[48;2;39;183;0m[38;2;39;183;0m▄[0m
[48;2;19;151;0m[38;2;39;183;0m▄[48;2;25;160;0m▄[48;2;39;183;0m▄[48;2;211;168;6m[38;2;211;168;6m▄[48;2;255;255;3m[38;2;210;133;0m▄[48;2;255;255;235m[38;2;255;255;3m▄[48;2;138;123;20m[38;2;138;123;20m▄[48;2;12;117;0m[38;2;14;6;31m▄[48;2;218;255;248m[38;2;22;12;45m▄[48;2;135;183;196m[38;2;164;218;224m▄[48;2;78;112;140m[38;2;116;166;186m▄[48;2;22;3;46m[38;2;64;49;111m▄[48;2;243;195;6m[38;2;175;201;207m▄[48;2;57;24;97m[38;2;255;0;1m▄[48;2;234;236;140m[38;2;62;72;87m▄[48;2;163;217;223m[38;2;157;210;217m▄[48;2;218;255;248m[38;2;243;133;200m▄[48;2;234;172;214m[38;2;241;140;202m▄[48;2;108;46;162m▄[48;2;218;255;248m[38;2;6;111;154m▄[48;2;175;63;213m[38;2;0;103;134m▄[48;2;0;103;134m▄[48;2;63;140;164m▄[48;2;14;0;36m[38;2;14;0;36m▄[48;2;163;217;223m[38;2;60;33;103m▄[48;2;218;255;248m[38;2;58;74;106m▄[38;2;115;163;183m▄[48;2;75;60;120m[38;2;206;248;242m▄[48;2;16;0;38m[38;2;210;252;244m▄[48;2;188;62;219m[38;2;112;159;180m▄[48;2;108;46;162m[38;2;112;34;141m▄[38;2;108;46;162m▄▄[38;2;112;48;164m▄[48;2;188;62;219m[38;2;64;26;104m▄[48;2;57;22;64m[38;2;200;157;8m▄[48;2;10;118;0m[38;2;255;255;6m▄[48;2;19;151;0m[38;2;13;8;32m▄[48;2;39;183;0m[38;2;30;170;0m▄[38;2;39;183;0m▄[0m
[48;2;39;183;0m[38;2;39;183;0m▄[48;2;38;182;0m[38;2;19;151;0m▄[48;2;36;180;0m▄[48;2;15;42;21m▄[48;2;225;181;2m[38;2;39;183;0m▄▄[48;2;255;0;33m[38;2;14;130;0m▄[48;2;255;0;57m[38;2;14;0;36m▄[48;2;60;0;31m[38;2;255;0;57m▄[48;2;74;39;80m[38;2;255;0;1m▄[48;2;106;148;170m[38;2;255;0;57m▄[48;2;104;142;163m[38;2;135;175;187m▄[48;2;255;0;1m[38;2;170;200;212m▄[48;2;255;0;57m[38;2;255;0;57m▄[48;2;250;126;164m[38;2;90;122;147m▄[48;2;218;255;248m[38;2;218;255;248m▄[38;2;163;217;223m▄[38;2;146;210;211m▄[48;2;188;246;244m[38;2;0;103;134m▄[48;2;0;103;134m▄[48;2;6;99;138m[38;2;188;62;219m▄[48;2;0;103;134m[38;2;0;103;134m▄[48;2;25;56;108m[38;2;34;34;69m▄[48;2;58;34;102m[38;2;78;112;140m▄[48;2;88;126;150m[38;2;120;170;189m▄[48;2;144;193;205m[38;2;43;15;76m▄[48;2;124;175;192m[38;2;14;0;36m▄[48;2;76;58;112m[38;2;16;145;0m▄[48;2;14;0;36m[38;2;19;151;0m▄[38;2;39;183;0m▄[48;2;34;10;66m[38;2;14;0;36m▄[48;2;50;21;88m[38;2;201;0;70m▄[48;2;96;40;146m[38;2;255;0;1m▄[48;2;78;8;72m[38;2;141;0;58m▄[48;2;37;0;38m[38;2;14;0;36m▄[48;2;255;255;0m[38;2;219;146;0m▄[48;2;255;255;14m[38;2;216;142;0m▄[48;2;255;255;3m[38;2;255;255;3m▄[48;2;27;103;1m[38;2;16;84;7m▄[48;2;19;151;0m[38;2;19;151;0m▄[0m
[48;2;19;151;0m[38;2;14;0;36m▄[48;2;57;81;14m[38;2;255;231;1m▄[48;2;172;159;16m[38;2;255;255;3m▄[48;2;44;82;13m[38;2;255;255;45m▄[48;2;24;147;0m[38;2;14;0;36m▄[48;2;39;183;0m▄▄[48;2;30;169;0m▄[48;2;13;64;4m▄[48;2;181;0;43m[38;2;12;117;0m▄[48;2;255;0;1m[38;2;14;0;36m▄[48;2;135;175;187m[38;2;135;175;187m▄[48;2;165;219;223m[38;2;165;219;223m▄[48;2;218;255;248m[38;2;218;255;248m▄[48;2;183;222;222m[38;2;187;235;232m▄[48;2;157;193;201m[38;2;243;133;200m▄[48;2;163;217;223m▄[48;2;28;114;176m▄[48;2;102;79;181m[38;2;218;255;248m▄[48;2;176;132;219m[38;2;166;70;204m▄[48;2;170;122;213m[38;2;0;96;127m▄[48;2;14;0;36m[38;2;255;0;57m▄[48;2;82;0;40m▄[48;2;13;64;4m[38;2;14;0;36m▄[48;2;222;0;15m[38;2;255;0;1m▄[48;2;255;0;22m[38;2;206;0;50m▄[48;2;16;84;7m[38;2;14;0;36m▄[48;2;98;34;27m[38;2;255;0;1m▄[48;2;174;0;45m▄[48;2;222;0;15m▄[48;2;255;0;26m[38;2;175;0;20m▄[48;2;175;0;20m[38;2;39;183;0m▄[48;2;27;103;1m▄[48;2;27;158;0m[38;2;25;160;0m▄[48;2;27;153;0m[38;2;39;183;0m▄[48;2;100;87;16m▄[48;2;120;90;18m▄[48;2;16;84;7m▄[48;2;19;151;0m[38;2;19;151;0m▄[48;2;30;169;0m[38;2;39;183;0m▄[0m
[48;2;14;0;36m[38;2;22;159;0m▄[48;2;241;183;0m[38;2;74;79;15m▄[48;2;210;133;0m[38;2;195;154;7m▄[48;2;255;255;3m[38;2;52;66;18m▄[48;2;14;0;36m[38;2;18;134;0m▄[38;2;22;159;0m▄[48;2;253;0;62m[38;2;19;84;1m▄[48;2;255;0;1m[38;2;15;36;22m▄[38;2;223;0;52m▄[38;2;255;0;12m▄[48;2;255;0;57m[38;2;255;0;1m▄[48;2;99;138;160m[38;2;154;49;183m▄[48;2;190;66;217m[38;2;180;105;218m▄[48;2;243;133;200m[38;2;210;208;241m▄[48;2;193;238;237m[38;2;201;208;224m▄[48;2;120;170;189m[38;2;243;133;200m▄[38;2;180;141;206m▄[48;2;243;133;200m[38;2;121;133;188m▄[48;2;188;62;219m[38;2;0;103;134m▄[48;2;0;103;134m[38;2;34;33;91m▄[48;2;32;0;36m[38;2;214;0;54m▄[48;2;14;0;36m[38;2;201;79;214m▄[48;2;118;0;54m[38;2;75;27;114m▄[48;2;201;0;70m[38;2;153;0;61m▄[38;2;57;13;80m▄[48;2;255;0;38m[38;2;244;0;52m▄[48;2;255;0;1m[38;2;255;0;1m▄[38;2;255;0;10m▄[38;2;255;0;19m▄[48;2;14;0;36m[38;2;84;0;39m▄[48;2;15;136;0m[38;2;105;0;27m▄[48;2;19;151;0m▄[48;2;39;183;0m[38;2;57;76;4m▄[38;2;15;104;0m▄[38;2;74;51;26m▄[38;2;85;69;27m▄[38;2;19;116;0m▄[38;2;33;175;0m▄[38;2;27;166;0m▄[38;2;22;159;0m▄[0m
[48;2;39;183;0m[38;2;39;183;0m▄[38;2;34;175;0m▄[38;2;19;151;0m▄[38;2;26;165;0m▄[38;2;20;132;0m▄[38;2;15;46;19m▄[38;2;178;0;46m▄[38;2;255;0;10m▄[48;2;12;117;0m[38;2;255;0;21m▄[48;2;73;0;45m[38;2;255;0;10m▄[48;2;255;0;1m[38;2;255;0;1m▄[48;2;84;13;91m[38;2;76;0;31m▄[48;2;188;62;219m[38;2;141;140;199m▄[48;2;120;170;189m[38;2;49;201;255m▄[48;2;163;217;223m[38;2;19;181;248m▄[38;2;0;165;226m▄[48;2;0;103;134m[38;2;0;103;134m▄[38;2;0;80;112m▄[38;2;180;141;10m▄[48;2;172;108;0m[38;2;254;201;0m▄[48;2;67;31;102m[38;2;250;199;0m▄[48;2;255;187;231m[38;2;157;90;182m▄[48;2;212;93;210m[38;2;193;110;200m▄[48;2;57;24;97m[38;2;108;46;162m▄[48;2;255;187;231m[38;2;255;187;231m▄[48;2;133;42;162m[38;2;78;31;122m▄[48;2;255;0;57m[38;2;100;0;42m▄[48;2;255;0;1m[38;2;255;0;57m▄[38;2;255;0;38m▄[38;2;255;0;49m▄[38;2;126;0;52m▄[38;2;58;100;177m▄[38;2;14;0;36m▄[48;2;218;38;48m[38;2;90;63;22m▄[48;2;255;255;3m[38;2;210;133;0m▄[48;2;255;255;190m[38;2;255;255;0m▄[48;2;255;255;6m[38;2;253;216;3m▄[48;2;19;151;0m[38;2;39;183;0m▄[48;2;39;183;0m[38;2;32;170;0m▄[38;2;25;160;0m▄[0m
[48;2;14;0;36m[38;2;255;255;3m▄[38;2;255;255;74m▄[48;2;12;117;0m[38;2;255;255;3m▄[48;2;13;21;25m[38;2;201;0;70m▄[48;2;206;0;69m[38;2;14;0;36m▄[48;2;255;0;1m▄[38;2;3;91;141m▄[38;2;0;165;226m▄[38;2;188;62;219m▄[38;2;243;133;200m▄[38;2;14;0;36m▄[48;2;84;0;27m[38;2;165;0;63m▄[48;2;0;166;230m[38;2;22;12;45m▄[48;2;0;195;255m[38;2;163;217;223m▄[48;2;0;177;255m[38;2;138;189;204m▄[48;2;0;165;226m[38;2;57;24;97m▄[48;2;120;170;189m[38;2;201;0;70m▄[48;2;74;40;19m[38;2;141;0;58m▄[48;2;210;133;0m[38;2;108;46;162m▄[48;2;57;24;97m[38;2;248;142;206m▄[48;2;255;207;0m[38;2;64;31;90m▄[48;2;57;24;97m[38;2;108;46;162m▄[48;2;178;106;192m[38;2;222;116;224m▄[48;2;108;46;162m[38;2;108;46;162m▄[48;2;255;187;231m[38;2;243;133;200m▄[48;2;92;38;140m[38;2;92;38;140m▄[48;2;188;62;219m[38;2;243;133;200m▄[48;2;241;0;54m[38;2;2;157;249m▄[48;2;189;0;68m[38;2;0;195;255m▄[48;2;0;165;226m▄[48;2;0;195;255m[38;2;0;153;226m▄[38;2;0;195;255m▄[48;2;0;165;226m▄[48;2;14;0;36m▄[48;2;255;207;0m[38;2;14;0;36m▄[38;2;34;176;0m▄[48;2;13;8;32m[38;2;19;151;0m▄[48;2;39;183;0m▄[48;2;26;165;0m▄[48;2;19;151;0m▄[0m
[48;2;210;133;0m[38;2;255;207;0m▄[48;2;255;246;0m▄[48;2;255;255;3m[38;2;14;0;36m▄[48;2;13;58;7m[38;2;2;157;249m▄[48;2;7;78;141m[38;2;1;183;255m▄[48;2;19;130;223m[38;2;255;187;231m▄[48;2;7;159;252m[38;2;112;57;108m▄[48;2;30;8;58m[38;2;188;62;219m▄[48;2;208;87;212m[38;2;255;187;231m▄[48;2;255;187;231m[38;2;202;135;189m▄[48;2;14;0;36m[38;2;0;165;226m▄[38;2;9;28;70m▄[48;2;32;13;63m[38;2;0;105;138m▄[48;2;79;106;130m[38;2;0;165;226m▄[48;2;21;21;68m▄[48;2;130;0;56m[38;2;0;103;134m▄[48;2;201;0;70m[38;2;14;0;36m▄[48;2;112;0;76m[38;2;44;13;74m▄[48;2;188;62;219m[38;2;108;46;162m▄[48;2;80;42;102m[38;2;232;118;204m▄[48;2;151;92;32m[38;2;243;133;200m▄[48;2;255;165;219m[38;2;188;62;219m▄[48;2;202;81;213m[38;2;142;52;187m▄[48;2;76;32;120m[38;2;188;62;219m▄[48;2;222;106;207m[38;2;108;46;162m▄[48;2;116;49;148m[38;2;188;62;219m▄[48;2;172;92;162m[38;2;108;46;162m▄[48;2;19;2;44m[38;2;46;9;69m▄[48;2;0;195;255m[38;2;0;195;255m▄[48;2;0;141;190m[38;2;0;103;134m▄[48;2;0;153;226m[38;2;0;138;186m▄[48;2;0;195;255m[38;2;0;195;255m▄[48;2;0;183;255m[38;2;0;103;134m▄[48;2;0;132;186m[38;2;0;132;186m▄[48;2;0;195;255m[38;2;0;195;255m▄[48;2;18;114;0m[38;2;9;28;70m▄[48;2;19;151;0m[38;2;19;151;0m▄▄▄▄[0m
[48;2;34;147;0m[38;2;37;181;0m▄[48;2;15;112;0m[38;2;31;126;0m▄[48;2;48;19;84m[38;2;0;166;230m▄[48;2;0;129;178m[38;2;0;122;169m▄[48;2;0;159;226m[38;2;0;96;127m▄[48;2;198;75;214m[38;2;104;44;158m▄[48;2;116;61;109m[38;2;118;42;154m▄[48;2;108;46;162m[38;2;104;44;158m▄[48;2;255;187;231m[38;2;234;128;196m▄[48;2;36;51;112m[38;2;204;135;188m▄[48;2;0;103;134m[38;2;0;97;132m▄[48;2;7;55;99m[38;2;9;26;63m▄[48;2;196;104;169m[38;2;254;174;222m▄[48;2;90;38;138m[38;2;116;51;164m▄[48;2;1;105;159m[38;2;55;19;90m▄[48;2;0;165;226m[38;2;0;165;226m▄▄[48;2;0;146;201m▄[48;2;32;7;58m▄[48;2;120;49;170m[38;2;86;37;136m▄[48;2;188;62;219m[38;2;112;48;164m▄[38;2;188;62;219m▄[48;2;152;54;192m[38;2;141;52;184m▄[48;2;188;62;219m[38;2;108;46;162m▄[38;2;188;62;219m▄[48;2;182;60;216m[38;2;140;50;177m▄[48;2;123;49;171m[38;2;12;8;46m▄[48;2;8;109;166m[38;2;0;103;134m▄[48;2;0;189;255m[38;2;0;157;214m▄[48;2;0;103;134m[38;2;0;103;134m▄▄[48;2;0;114;150m▄[48;2;0;103;134m▄[48;2;0;132;186m[38;2;0;175;252m▄[48;2;0;195;255m[38;2;0;188;255m▄[48;2;10;36;85m[38;2;10;36;84m▄[48;2;19;151;0m[38;2;19;151;0m▄▄[38;2;30;170;0m▄[48;2;22;157;0m[38;2;39;183;0m▄[0m
[48;2;39;183;0m[38;2;28;168;0m▄[48;2;31;126;0m[38;2;16;103;1m▄[48;2;0;195;255m[38;2;0;180;255m▄[38;2;0;128;170m▄[48;2;0;103;134m[38;2;0;150;218m▄[48;2;14;0;36m[38;2;14;0;36m▄[48;2;129;45;164m[38;2;133;46;171m▄[48;2;188;62;219m[38;2;148;54;190m▄[48;2;108;46;162m[38;2;188;62;219m▄[48;2;132;51;180m▄[48;2;243;133;200m▄[48;2;14;0;36m[38;2;210;91;211m▄[48;2;243;133;200m[38;2;213;94;210m▄[48;2;188;62;219m[38;2;148;54;190m▄[48;2;55;19;90m[38;2;10;62;103m▄[48;2;0;103;134m[38;2;14;0;36m▄[48;2;0;165;226m[38;2;128;66;118m▄[38;2;25;63;115m▄[38;2;128;66;118m▄[48;2;14;0;36m[38;2;206;96;205m▄[48;2;57;24;97m[38;2;99;30;128m▄[48;2;108;46;162m[38;2;34;12;66m▄▄▄[48;2;57;24;97m[38;2;0;180;255m▄[48;2;8;31;66m[38;2;4;72;116m▄[48;2;0;165;226m[38;2;0;103;134m▄[48;2;0;103;134m[38;2;100;144;79m▄[38;2;229;166;0m▄[38;2;153;134;46m▄[38;2;199;154;14m▄[38;2;126;154;66m▄[48;2;0;165;226m[38;2;0;133;180m▄[48;2;0;165;248m[38;2;0;103;134m▄[48;2;0;103;134m[38;2;4;81;129m▄[48;2;19;99;3m[38;2;18;136;0m▄[48;2;19;151;0m[38;2;28;168;0m▄[48;2;39;183;0m▄[38;2;21;158;0m▄[38;2;19;151;0m▄[0m
[48;2;19;151;0m[38;2;10;118;0m▄[48;2;15;140;0m[38;2;12;117;0m▄[48;2;57;24;97m[38;2;10;109;0m▄[48;2;0;120;164m[38;2;0;138;196m▄[48;2;0;103;134m[38;2;0;188;255m▄[38;2;0;160;220m▄[48;2;66;25;106m[38;2;114;88;27m▄[48;2;188;62;219m[38;2;104;44;158m▄[38;2;112;48;164m▄[38;2;79;32;123m▄[38;2;188;62;219m▄▄[48;2;182;60;216m[38;2;112;48;164m▄[48;2;108;46;162m[38;2;20;1;43m▄[48;2;2;57;90m[38;2;145;50;183m▄[48;2;14;0;36m[38;2;14;0;36m▄[48;2;188;62;219m[38;2;188;62;219m▄[48;2;225;110;206m[38;2;188;63;218m▄[48;2;188;62;219m[38;2;182;60;216m▄[48;2;132;63;169m[38;2;164;55;196m▄[48;2;188;62;219m[38;2;172;56;204m▄[38;2;241;193;1m▄[48;2;2;57;90m[38;2;241;204;12m▄[48;2;0;165;226m[38;2;212;138;0m▄[38;2;28;12;32m▄[48;2;180;141;10m[38;2;13;121;0m▄[48;2;14;0;36m[38;2;18;148;0m▄[48;2;207;187;24m[38;2;24;25;24m▄[48;2;80;115;142m[38;2;120;170;189m▄[48;2;163;217;223m[38;2;213;254;247m▄[48;2;123;148;160m[38;2;187;235;232m▄[48;2;210;133;0m[38;2;202;130;0m▄[48;2;0;103;134m[38;2;12;8;46m▄[48;2;1;111;165m[38;2;37;174;0m▄[48;2;19;151;0m[38;2;37;181;0m▄[48;2;34;176;0m[38;2;39;183;0m▄[48;2;37;181;0m▄[48;2;19;151;0m▄▄[48;2;39;183;0m[38;2;19;151;0m▄[0m
[48;2;13;122;0m[38;2;19;151;0m▄[48;2;13;132;0m▄[48;2;19;151;0m[38;2;39;183;0m▄[48;2;19;56;15m▄[48;2;0;84;116m[38;2;38;170;0m▄[48;2;0;176;255m[38;2;57;24;97m▄[48;2;189;182;84m[38;2;141;160;57m▄[48;2;40;39;69m[38;2;210;133;0m▄[48;2;51;48;74m[38;2;218;255;248m▄[48;2;44;37;79m[38;2;186;230;229m▄[48;2;48;19;84m[38;2;120;170;189m▄[48;2;90;38;138m[38;2;0;134;189m▄[48;2;87;36;133m[38;2;0;154;213m▄[48;2;123;49;171m[38;2;14;0;36m▄[48;2;204;96;196m[38;2;129;45;164m▄[48;2;14;0;36m[38;2;14;0;36m▄[48;2;171;58;208m[38;2;108;46;162m▄[48;2;159;55;198m[38;2;92;38;140m▄[48;2;57;24;97m[38;2;57;24;97m▄[48;2;57;22;98m[38;2;22;3;46m▄[48;2;10;43;93m[38;2;16;0;38m▄[48;2;0;188;255m[38;2;0;165;226m▄[48;2;0;136;184m[38;2;6;70;118m▄[48;2;0;82;115m[38;2;255;207;0m▄[48;2;14;0;36m[38;2;255;255;3m▄[48;2;18;146;0m[38;2;15;46;19m▄[48;2;19;151;0m[38;2;19;151;0m▄[48;2;21;30;34m[38;2;67;91;120m▄[48;2;122;172;192m[38;2;124;175;192m▄[48;2;218;255;248m[38;2;218;255;248m▄[48;2;150;196;207m[38;2;79;94;117m▄[48;2;13;21;25m[38;2;39;183;0m▄[48;2;39;183;0m[38;2;19;151;0m▄▄[48;2;34;176;0m▄[48;2;38;182;0m[38;2;34;176;0m▄[48;2;39;183;0m[38;2;39;183;0m▄▄[48;2;26;162;0m[38;2;14;130;0m▄[48;2;16;145;0m[38;2;12;117;0m▄[0m
[48;2;31;171;0m[38;2;19;151;0m▄[48;2;39;183;0m▄[48;2;25;163;0m▄[48;2;36;180;0m[38;2;39;183;0m▄[48;2;39;183;0m▄[48;2;28;157;0m▄[48;2;22;102;0m[38;2;19;151;0m▄[48;2;27;81;26m▄[48;2;163;217;223m[38;2;57;24;97m▄[48;2;193;238;237m[38;2;163;217;223m▄[48;2;180;224;226m[38;2;218;255;248m▄[48;2;86;117;142m[38;2;255;207;0m▄[48;2;9;61;105m[38;2;120;170;189m▄[48;2;79;106;130m[38;2;163;217;223m▄[48;2;127;150;160m[38;2;218;255;248m▄[48;2;78;22;103m▄[48;2;188;62;219m[38;2;14;0;36m▄[48;2;79;32;124m[38;2;147;49;180m▄[48;2;57;24;97m[38;2;57;24;97m▄[48;2;43;15;76m▄[48;2;57;69;98m[38;2;26;15;48m▄[48;2;79;106;130m[38;2;218;255;248m▄[48;2;150;115;15m[38;2;150;115;15m▄[48;2;241;189;0m[38;2;210;133;0m▄[48;2;255;255;90m[38;2;255;255;3m▄[48;2;207;195;12m[38;2;207;195;12m▄[48;2;12;43;15m[38;2;120;170;189m▄[48;2;200;183;63m▄[48;2;206;196;81m[38;2;212;138;0m▄[48;2;163;217;223m[38;2;163;217;223m▄[48;2;67;80;108m[38;2;30;76;32m▄[48;2;25;163;0m[38;2;19;151;0m▄[48;2;19;151;0m[38;2;39;183;0m▄[38;2;19;151;0m▄[48;2;25;163;0m[38;2;12;117;0m▄▄[48;2;14;129;0m▄▄[48;2;12;117;0m▄[48;2;15;138;0m▄[0m
