[48;2;0;0;0m           [38;2;125;119;93;48;2;98;97;92m▄[38;2;57;50;4;48;2;95;96;82m▄[38;2;134;128;76;48;2;111;110;90m▄[38;2;147;144;89;48;2;116;118;94m▄[38;2;189;183;133;48;2;118;120;98m▄[38;2;179;172;128;48;2;118;117;97m▄[38;2;60;54;20;48;2;98;96;81m▄[38;2;85;79;62;48;2;104;101;94m▄[48;2;0;0;0m           [m
[48;2;0;0;0m         [38;2;24;23;21;48;2;18;18;16m▄[38;2;64;56;17;48;2;97;95;74m▄[38;2;126;112;52;48;2;114;105;61m▄[38;2;163;142;75;48;2;121;107;44m▄[38;2;195;170;103;48;2;168;153;88m▄[38;2;203;180;113;48;2;180;164;102m▄[38;2;136;113;46;48;2;162;147;88m▄[38;2;124;103;40;48;2;150;137;85m▄[38;2;65;49;0;48;2;62;50;8m▄[38;2;98;88;53;48;2;93;86;60m▄[48;2;0;0;0m           [m
[48;2;0;0;0m         [38;2;24;23;21;48;2;24;24;22m▄[38;2;60;51;8;48;2;58;50;9m▄[38;2;105;84;27;48;2;115;95;40m▄[38;2;130;105;44;48;2;142;117;53m▄[38;2;162;133;75;48;2;170;140;76m▄[38;2;169;145;83;48;2;181;151;87m▄[38;2;171;148;81;48;2;164;137;70m▄[38;2;163;143;74;48;2;169;145;81m▄[38;2;195;177;113;48;2;169;150;94m▄[38;2;170;157;104;48;2;143;130;86m▄[38;2;65;56;20;48;2;75;69;47m▄[38;2;121;114;96;48;2;122;118;109m▄[48;2;0;0;0m         [m
[48;2;0;0;0m        [38;2;3;3;3;48;2;0;0;0m▄[38;2;28;27;22;48;2;24;24;22m▄[38;2;76;73;1;48;2;84;78;20m▄[38;2;169;159;80;48;2;167;154;86m▄[38;2;231;213;139;48;2;215;194;129m▄[38;2;150;131;65;48;2;155;133;73m▄[38;2;116;100;38;48;2;136;116;55m▄[38;2;129;112;43;48;2;130;111;42m▄[38;2;126;108;32;48;2;136;116;43m▄[38;2;155;137;65;48;2;163;142;75m▄[38;2;145;127;63;48;2;148;132;73m▄[38;2;57;43;0;48;2;69;56;7m▄[38;2;119;110;81;48;2;124;117;91m▄[38;2;3;3;3;48;2;0;0;0m▄[48;2;0;0;0m        [m
[48;2;0;0;0m       [48;2;3;3;3m [38;2;92;85;38;48;2;85;78;34m▄[38;2;123;114;47;48;2;118;109;50m▄[38;2;198;183;98;48;2;197;185;111m▄[38;2;221;204;112;48;2;224;207;125m▄[38;2;233;218;127;48;2;242;219;139m▄[38;2;235;220;137;48;2;244;225;148m▄[38;2;242;225;147;48;2;249;233;158m▄[38;2;253;240;161;48;2;253;247;171m▄[38;2;251;242;165;48;2;251;247;174m▄[38;2;245;234;154;48;2;253;245;173m▄[38;2;253;243;158;48;2;243;231;153m▄[38;2;229;217;135;48;2;237;225;151m▄[38;2;179;167;93;48;2;175;166;97m▄[38;2;89;78;22;48;2;85;79;29m▄[38;2;2;2;2;48;2;3;3;3m▄[48;2;0;0;0m       [m
[48;2;0;0;0m  [38;2;56;58;55;48;2;0;0;0m▄[38;2;53;55;50;48;2;0;0;0m▄[38;2;7;7;7;48;2;0;0;0m▄[48;2;0;0;0m [38;2;52;53;50;48;2;0;0;0m▄[38;2;50;51;44;48;2;4;4;4m▄[38;2;82;81;25;48;2;81;76;28m▄[38;2;146;131;62;48;2;144;129;60m▄[38;2;235;208;129;48;2;235;214;128m▄[38;2;222;198;126;48;2;244;225;132m▄[38;2;200;189;126;48;2;235;225;138m▄[38;2;203;198;140;48;2;249;241;160m▄[38;2;208;200;137;48;2;247;236;156m▄[38;2;249;239;170;48;2;249;235;157m▄[38;2;248;239;172;48;2;250;236;161m▄[38;2;216;207;148;48;2;253;245;170m▄[38;2;212;204;149;48;2;252;243;166m▄[38;2;211;201;142;48;2;249;238;159m▄[38;2;166;156;94;48;2;196;184;112m▄[38;2;88;82;20;48;2;92;81;19m▄[38;2;40;38;28;48;2;3;3;3m▄[38;2;47;48;43;48;2;0;0;0m▄[48;2;0;0;0m  [38;2;54;55;54;48;2;0;0;0m▄[38;2;54;56;53;48;2;0;0;0m▄[48;2;0;0;0m  [m
[38;2;41;43;42;48;2;0;0;0m▄[38;2;57;68;54;48;2;0;0;0m▄[38;2;85;121;59;48;2;58;79;46m▄[38;2;69;107;30;48;2;23;47;8m▄[38;2;52;65;44;48;2;3;3;3m▄[38;2;52;63;49;48;2;0;0;0m▄[38;2;50;85;21;48;2;28;48;11m▄[38;2;55;97;13;48;2;33;61;5m▄[38;2;79;113;26;48;2;76;89;20m▄[38;2;138;140;65;48;2;138;128;59m▄[38;2;232;202;142;48;2;246;215;153m▄[38;2;192;149;106;48;2;154;122;71m▄[38;2;157;123;86;48;2;87;68;26m▄[38;2;160;141;98;48;2;79;72;30m▄[38;2;160;154;94;48;2;81;76;21m▄[38;2;240;235;167;48;2;235;231;170m▄[38;2;240;235;169;48;2;238;236;177m▄[38;2;160;152;106;48;2;83;79;34m▄[38;2;157;145;115;48;2;81;72;41m▄[38;2;141;128;84;48;2;85;76;34m▄[38;2;125;124;57;48;2;82;78;15m▄[38;2;89;111;26;48;2;76;83;15m▄[38;2;68;108;19;48;2;43;58;1m▄[38;2;70;100;36;48;2;37;53;16m▄[38;2;47;58;42;48;2;0;0;0m▄[38;2;51;64;47;48;2;0;0;0m▄[38;2;82;118;54;48;2;40;61;30m▄[38;2;78;118;48;48;2;41;66;31m▄[38;2;52;65;47;48;2;0;0;0m▄[38;2;62;70;59;48;2;0;0;0m▄[m
[38;2;82;104;68;48;2;55;67;55m▄[38;2;78;128;41;48;2;14;52;1m▄[38;2;110;169;59;48;2;120;165;80m▄[38;2;123;183;70;48;2;142;192;90m▄[38;2;24;77;2;48;2;21;67;5m▄[38;2;14;58;0;48;2;20;59;4m▄[38;2;35;82;4;48;2;77;120;38m▄[38;2;50;103;12;48;2;86;138;38m▄[38;2;75;132;33;48;2;85;138;45m▄[38;2;132;153;62;48;2;145;158;76m▄[38;2;234;207;128;48;2;215;186;118m▄[38;2;226;172;102;48;2;237;188;130m▄[38;2;204;152;79;48;2;235;188;134m▄[38;2;242;206;128;48;2;251;228;161m▄[38;2;251;229;143;48;2;251;238;159m▄[38;2;209;179;89;48;2;244;236;151m▄[38;2;209;179;93;48;2;251;240;158m▄[38;2;254;231;159;48;2;254;240;179m▄[38;2;249;214;152;48;2;249;231;185m▄[38;2;189;161;86;48;2;212;196;134m▄[38;2;151;161;65;48;2;179;181;95m▄[38;2;101;144;39;48;2;106;139;34m▄[38;2;61;120;14;48;2;104;161;56m▄[38;2;57;102;35;48;2;126;169;90m▄[38;2;20;70;11;48;2;35;76;16m▄[38;2;9;70;0;48;2;16;60;0m▄[38;2;120;182;71;48;2;133;183;94m▄[38;2;128;192;72;48;2;128;178;83m▄[38;2;94;146;61;48;2;11;59;1m▄[38;2;116;149;94;48;2;57;85;47m▄[m
[38;2;97;123;76;48;2;131;165;105m▄[38;2;36;78;15;48;2;118;171;80m▄[38;2;83;138;45;48;2;111;176;64m▄[38;2;83;146;41;48;2;107;170;63m▄[38;2;114;170;71;48;2;15;75;1m▄[38;2;116;165;83;48;2;13;63;2m▄[38;2;9;69;1;48;2;9;59;0m▄[38;2;25;82;1;48;2;28;79;3m▄[38;2;76;135;41;48;2;69;127;32m▄[38;2;129;158;66;48;2;132;154;63m▄[38;2;224;219;128;48;2;235;214;129m▄[38;2;233;203;115;48;2;214;167;87m▄[38;2;241;206;122;48;2;187;142;61m▄[38;2;205;165;80;48;2;238;201;121m▄[38;2;204;148;65;48;2;253;218;136m▄[38;2;195;128;49;48;2;193;141;57m▄[38;2;188;131;52;48;2;192;145;63m▄[38;2;198;155;76;48;2;253;225;149m▄[38;2;210;169;87;48;2;249;208;133m▄[38;2;241;226;135;48;2;167;137;51m▄[38;2;163;191;89;48;2;138;155;59m▄[38;2;82;136;38;48;2;93;143;48m▄[38;2;39;92;2;48;2;46;96;9m▄[38;2;8;59;0;48;2;20;63;7m▄[38;2;77;128;49;48;2;9;62;6m▄[38;2;93;154;50;48;2;4;69;0m▄[38;2;110;174;62;48;2;113;181;60m▄[38;2;109;169;71;48;2;130;198;79m▄[38;2;42;89;13;48;2;135;189;101m▄[38;2;71;101;51;48;2;156;192;130m▄[m
[38;2;3;3;3;48;2;92;107;86m▄[38;2;0;0;0;48;2;21;50;9m▄[38;2;59;97;48;48;2;74;121;52m▄[38;2;17;74;0;48;2;92;150;55m▄[38;2;107;166;58;48;2;122;184;77m▄[38;2;112;173;56;48;2;129;187;84m▄[38;2;124;181;74;48;2;2;72;0m▄[38;2;111;165;66;48;2;24;86;0m▄[38;2;59;122;5;48;2;66;126;25m▄[38;2;136;164;64;48;2;128;162;67m▄[38;2;226;219;128;48;2;217;213;121m▄[38;2;248;222;135;48;2;245;221;131m▄[38;2;252;232;145;48;2;249;222;134m▄[38;2;245;226;140;48;2;192;157;71m▄[38;2;245;217;137;48;2;187;133;53m▄[38;2;252;226;153;48;2;195;133;58m▄[38;2;251;233;161;48;2;188;141;65m▄[38;2;248;229;160;48;2;177;142;64m▄[38;2;249;229;160;48;2;191;158;77m▄[38;2;248;242;164;48;2;254;245;156m▄[38;2;178;213;119;48;2;167;202;102m▄[38;2;65;129;17;48;2;76;134;32m▄[38;2;96;152;51;48;2;42;96;0m▄[38;2;106;157;54;48;2;3;62;0m▄[38;2;114;171;53;48;2;93;148;45m▄[38;2;117;177;63;48;2;109;169;55m▄[38;2;26;81;0;48;2;114;173;73m▄[38;2;34;73;20;48;2;110;156;83m▄[38;2;32;34;29;48;2;29;63;13m▄[38;2;33;34;29;48;2;56;77;45m▄[m
[48;2;0;0;0m  [38;2;57;76;54;48;2;52;82;48m▄[38;2;31;63;13;48;2;21;66;1m▄[38;2;93;137;58;48;2;114;165;71m▄[38;2;90;147;42;48;2;111;169;56m▄[38;2;111;175;55;48;2;132;190;77m▄[38;2;114;178;56;48;2;114;172;60m▄[38;2;130;193;77;48;2;69;132;1m▄[38;2;156;192;86;48;2;128;157;51m▄[38;2;183;189;93;48;2;223;214;123m▄[38;2;214;205;114;48;2;247;221;136m▄[38;2;222;219;126;48;2;251;235;148m▄[38;2;237;238;144;48;2;243;239;150m▄[38;2;247;240;150;48;2;240;234;150m▄[38;2;251;234;154;48;2;253;244;167m▄[38;2;246;239;161;48;2;250;243;171m▄[38;2;246;244;167;48;2;248;244;173m▄[38;2;249;241;166;48;2;252;237;172m▄[38;2;215;217;134;48;2;250;247;174m▄[38;2;160;202;102;48;2;175;212;119m▄[38;2;109;178;61;48;2;62;131;4m▄[38;2;126;194;75;48;2;94;157;42m▄[38;2;131;190;70;48;2;115;173;53m▄[38;2;95;155;41;48;2;110;172;49m▄[38;2;92;144;59;48;2;108;165;60m▄[38;2;25;63;6;48;2;40;83;12m▄[38;2;47;61;36;48;2;40;64;30m▄[48;2;0;0;0m  [m
[48;2;0;0;0m  [38;2;0;0;0;48;2;96;105;88m▄[38;2;0;0;0;48;2;58;78;41m▄[38;2;29;55;20;48;2;84;125;57m▄[38;2;18;60;0;48;2;75;132;35m▄[38;2;93;145;62;48;2;107;176;57m▄[38;2;102;161;55;48;2;108;184;50m▄[38;2;103;167;47;48;2;127;191;71m▄[38;2;117;171;51;48;2;140;184;71m▄[38;2;104;169;43;48;2;168;190;89m▄[38;2;123;184;63;48;2;196;202;106m▄[38;2;131;187;70;48;2;208;214;114m▄[38;2;163;195;88;48;2;230;232;133m▄[38;2;186;188;91;48;2;244;226;134m▄[38;2;218;215;118;48;2;253;231;148m▄[38;2;220;220;122;48;2;247;235;153m▄[38;2;216;219;120;48;2;245;241;154m▄[38;2;194;213;106;48;2;241;234;145m▄[38;2;118;169;42;48;2;205;212;116m▄[38;2;102;178;43;48;2;153;200;91m▄[38;2;113;193;68;48;2;110;184;61m▄[38;2;83;162;35;48;2;122;188;65m▄[38;2;79;136;42;48;2;131;193;70m▄[38;2;40;85;20;48;2;87;146;36m▄[38;2;31;61;25;48;2;74;126;51m▄[38;2;0;0;0;48;2;52;83;40m▄[38;2;0;0;0;48;2;57;69;47m▄[48;2;0;0;0m  [m
[48;2;0;0;0m    [38;2;0;0;0;48;2;88;104;87m▄[38;2;0;0;0;48;2;67;97;61m▄[38;2;23;57;7;48;2;74;121;53m▄[38;2;32;69;2;48;2;79;131;48m▄[38;2;103;148;56;48;2;102;162;66m▄[38;2;96;144;42;48;2;111;167;70m▄[38;2;97;140;24;48;2;102;161;53m▄[38;2;114;160;41;48;2;118;177;68m▄[38;2;123;172;54;48;2;122;180;70m▄[38;2;116;170;50;48;2;144;189;86m▄[38;2;114;174;52;48;2;156;182;85m▄[38;2;129;183;71;48;2;183;205;105m▄[38;2;135;187;79;48;2;185;207;107m▄[38;2;130;186;79;48;2;180;208;108m▄[38;2;122;180;70;48;2;160;198;95m▄[38;2;89;141;30;48;2;103;160;43m▄[38;2;97;143;46;48;2;99;166;51m▄[38;2;94;133;52;48;2;108;174;68m▄[38;2;62;99;30;48;2;87;147;49m▄[38;2;30;53;9;48;2;73;118;50m▄[38;2;0;0;0;48;2;72;99;60m▄[38;2;0;0;0;48;2;85;101;83m▄[48;2;0;0;0m    [m
[48;2;0;0;0m      [38;2;0;0;0;48;2;105;114;93m▄[38;2;3;3;3;48;2;99;108;79m▄[38;2;70;46;16;48;2;80;90;31m▄[38;2;106;88;48;48;2;96;117;40m▄[38;2;173;148;94;48;2;142;151;68m▄[38;2;151;132;62;48;2;130;146;48m▄[38;2;131;119;37;48;2;125;144;36m▄[38;2;124;133;44;48;2;115;152;39m▄[38;2;99;139;40;48;2;102;163;44m▄[38;2;96;145;40;48;2;102;168;47m▄[38;2;101;146;43;48;2;107;170;53m▄[38;2;101;135;34;48;2;107;168;51m▄[38;2;127;142;49;48;2;114;160;52m▄[38;2;166;161;80;48;2;125;155;57m▄[38;2;127;114;46;48;2;114;129;46m▄[38;2;69;59;0;48;2;79;89;26m▄[38;2;2;2;2;48;2;85;93;55m▄[38;2;0;0;0;48;2;102;105;84m▄[48;2;0;0;0m      [m
[48;2;0;0;0m      [38;2;60;51;18;48;2;101;85;70m▄[38;2;84;72;20;48;2;113;95;65m▄[38;2;179;154;97;48;2;161;128;83m▄[38;2;167;137;75;48;2;157;126;72m▄[38;2;144;119;52;48;2;157;121;59m▄[38;2;145;116;54;48;2;149;115;47m▄[38;2;142;120;68;48;2;144;117;49m▄[38;2;81;69;21;48;2;93;83;12m▄[38;2;58;57;13;48;2;69;82;12m▄[38;2;54;56;9;48;2;65;85;13m▄[38;2;66;62;15;48;2;67;83;10m▄[38;2;127;114;72;48;2;123;126;59m▄[38;2;136;115;70;48;2;132;121;57m▄[38;2;143;116;69;48;2;150;124;65m▄[38;2;153;126;81;48;2;152;122;70m▄[38;2;168;144;110;48;2;154;128;91m▄[38;2;108;91;61;48;2;114;101;69m▄[38;2;61;53;32;48;2;94;87;61m▄[38;2;27;26;24;48;2;10;8;9m▄[48;2;0;0;0m     [m
