[48;2;0;57;6m[38;2;0;43;8m▄[48;2;0;48;6m[38;2;0;45;10m▄[48;2;0;50;8m[38;2;0;51;8m▄[48;2;0;60;8m[38;2;0;61;16m▄[48;2;0;64;3m[38;2;0;49;4m▄[48;2;0;72;13m[38;2;0;45;8m▄[48;2;0;79;2m[38;2;0;44;9m▄[48;2;0;69;0m[38;2;0;40;3m▄[48;2;0;55;10m[38;2;0;44;7m▄[48;2;0;64;7m[38;2;0;44;0m▄[48;2;0;74;2m[38;2;0;42;6m▄[48;2;0;84;7m[38;2;0;62;8m▄[48;2;0;103;10m[38;2;0;66;6m▄[48;2;0;111;7m[38;2;244;151;193m▄[48;2;0;110;0m[38;2;0;86;0m▄[48;2;0;116;20m[38;2;0;80;0m▄[48;2;0;103;0m[38;2;0;67;3m▄[48;2;0;94;0m[38;2;0;64;0m▄[48;2;0;94;2m[38;2;0;66;12m▄[48;2;0;86;15m[38;2;0;85;4m▄[48;2;0;90;13m[38;2;0;122;3m▄[48;2;0;108;8m[38;2;0;92;0m▄[48;2;0;134;7m[38;2;0;85;4m▄[48;2;0;177;0m[38;2;0;93;0m▄[48;2;0;240;0m[38;2;0;129;0m▄[48;2;0;219;0m[38;2;0;225;0m▄[48;2;0;151;0m[38;2;0;235;0m▄[48;2;0;211;0m[38;2;0;154;0m▄[48;2;0;228;0m[38;2;16;199;0m▄[48;2;0;170;0m[38;2;0;241;0m▄[48;2;0;158;0m[38;2;0;154;0m▄[48;2;0;163;0m[38;2;0;156;2m▄[48;2;0;196;0m[38;2;0;174;9m▄[48;2;0;202;0m[38;2;0;177;0m▄[48;2;0;175;0m[38;2;0;180;0m▄[48;2;0;181;2m[38;2;0;170;3m▄[48;2;0;206;0m[38;2;0;183;0m▄[48;2;0;216;0m[38;2;0;175;0m▄[48;2;0;180;7m[38;2;0;154;9m▄[48;2;0;158;0m[38;2;0;127;0m▄[0m
[48;2;0;42;9m[38;2;0;42;7m▄[48;2;0;38;12m[38;2;0;36;15m▄[48;2;0;44;9m[38;2;0;34;15m▄[48;2;0;45;10m[38;2;0;38;12m▄▄[48;2;0;44;8m[38;2;0;44;7m▄[48;2;0;40;3m[38;2;0;49;4m▄[48;2;0;45;10m[38;2;0;74;0m▄[48;2;0;55;16m[38;2;0;145;20m▄[48;2;0;82;22m[38;2;0;190;12m▄[48;2;0;94;7m[38;2;0;154;0m▄[48;2;0;85;0m[38;2;0;120;0m▄[48;2;255;0;187m[38;2;218;0;163m▄[48;2;255;112;208m[38;2;255;99;199m▄[48;2;0;117;0m[38;2;0;122;0m▄[48;2;0;122;0m[38;2;0;128;3m▄[48;2;0;115;0m[38;2;0;148;8m▄[48;2;0;112;0m[38;2;0;174;30m▄[48;2;46;31;0m[38;2;255;0;0m▄[48;2;160;0;0m[38;2;255;189;207m▄[48;2;148;0;8m[38;2;255;106;121m▄[48;2;50;13;18m[38;2;255;0;0m▄[48;2;14;12;1m▄[48;2;0;66;12m[38;2;31;15;0m▄[48;2;0;79;10m[38;2;0;100;9m▄[48;2;0;100;1m[38;2;0;81;0m▄[48;2;0;195;6m[38;2;0;75;6m▄[48;2;0;235;0m[38;2;0;162;0m▄[48;2;255;0;177m[38;2;241;0;160m▄[48;2;255;0;144m[38;2;201;0;147m▄[48;2;0;243;0m[38;2;0;244;0m▄[48;2;0;145;0m[38;2;0;232;4m▄[48;2;0;158;4m[38;2;0;172;3m▄[48;2;0;189;0m[38;2;0;165;0m▄[48;2;0;196;0m[38;2;0;205;0m▄[48;2;0;205;0m[38;2;0;223;0m▄[48;2;0;160;1m[38;2;0;164;0m▄[48;2;0;160;7m[38;2;0;134;7m▄[48;2;0;160;0m[38;2;0;151;1m▄[48;2;0;122;0m[38;2;0;165;0m▄[0m
[48;2;0;39;14m[38;2;0;38;3m▄[48;2;0;38;12m[38;2;0;43;10m▄[48;2;0;38;13m[38;2;0;49;3m▄[48;2;0;40;6m[38;2;0;91;0m▄[48;2;0;50;7m[38;2;0;175;0m▄[48;2;0;106;0m[38;2;0;147;0m▄[48;2;0;188;19m[38;2;0;69;2m▄[48;2;0;142;0m[38;2;0;72;0m▄[48;2;0;99;15m[38;2;0;51;7m▄[48;2;0;78;4m[38;2;0;48;7m▄[48;2;0;54;10m[38;2;0;45;10m▄[48;2;0;44;0m[38;2;0;48;2m▄[48;2;218;0;163m[38;2;219;0;142m▄[48;2;255;37;207m[38;2;255;0;169m▄[48;2;0;51;253m[38;2;3;13;157m▄[48;2;0;21;6m[38;2;1;19;76m▄[48;2;0;32;64m[38;2;0;20;180m▄[48;2;0;43;75m[38;2;0;18;190m▄[48;2;255;0;0m[38;2;255;0;0m▄[48;2;255;175;176m[38;2;255;129;139m▄[48;2;255;48;74m[38;2;255;14;51m▄[48;2;255;0;0m[38;2;255;0;0m▄▄[48;2;18;21;92m[38;2;0;22;163m▄[48;2;18;132;255m[38;2;0;25;192m▄[48;2;0;24;36m[38;2;4;20;14m▄[48;2;0;25;63m[38;2;0;21;172m▄[48;2;0;68;255m[38;2;0;13;144m▄[48;2;230;0;139m[38;2;184;0;156m▄[48;2;198;0;147m[38;2;104;0;136m▄[48;2;0;202;0m[38;2;0;235;9m▄[48;2;0;237;0m[38;2;0;222;0m▄[48;2;0;204;0m[38;2;0;232;0m▄[48;2;0;176;4m[38;2;0;205;3m▄[48;2;0;224;0m[38;2;0;177;24m▄[48;2;0;226;0m[38;2;0;223;0m▄[48;2;0;192;0m[38;2;0;196;2m▄[48;2;0;124;7m[38;2;0;135;3m▄[48;2;0;145;7m[38;2;0;127;13m▄[48;2;0;177;0m[38;2;0;112;0m▄[0m
[48;2;0;42;9m[38;2;0;111;8m▄[48;2;0;58;4m[38;2;0;144;2m▄[48;2;0;134;0m[38;2;0;86;0m▄[48;2;0;156;1m[38;2;0;87;14m▄[48;2;0;79;0m[38;2;0;60;15m▄[48;2;0;74;1m[38;2;0;56;4m▄[48;2;0;55;0m[38;2;0;60;6m▄[48;2;0;52;4m[38;2;0;64;0m▄[48;2;0;50;12m[38;2;62;30;68m▄[48;2;0;69;21m[38;2;255;37;236m▄[48;2;198;0;139m[38;2;216;0;100m▄[48;2;0;74;26m[38;2;126;20;91m▄[48;2;28;38;52m[38;2;211;0;174m▄[48;2;207;0;175m[38;2;52;0;211m▄[48;2;0;20;128m[38;2;10;15;73m▄[48;2;8;16;126m[38;2;34;21;48m▄[48;2;8;16;129m[38;2;206;4;0m▄[48;2;4;22;128m[38;2;211;13;0m▄[48;2;38;14;52m[38;2;206;10;0m▄[48;2;255;102;120m[38;2;255;45;106m▄[48;2;255;7;43m[38;2;255;8;63m▄[48;2;255;0;0m[38;2;255;0;0m▄[38;2;219;0;0m▄[48;2;6;27;136m[38;2;0;38;38m▄[48;2;2;21;145m[38;2;200;8;0m▄[48;2;0;16;22m[38;2;213;31;0m▄[48;2;8;18;129m[38;2;22;22;69m▄[48;2;121;43;126m[38;2;255;0;202m▄[48;2;142;0;174m[38;2;57;0;140m▄[48;2;0;60;0m[38;2;190;0;135m▄[48;2;0;174;0m[38;2;255;0;190m▄[48;2;0;230;0m[38;2;255;62;196m▄[48;2;0;236;0m[38;2;128;42;124m▄[48;2;0;228;0m[38;2;0;235;0m▄[48;2;0;220;0m[38;2;0;212;0m▄[48;2;0;238;0m[38;2;0;230;0m▄[48;2;0;223;0m[38;2;0;236;0m▄[48;2;0;139;0m[38;2;0;171;2m▄[48;2;0;127;3m[38;2;0;121;2m▄[48;2;0;85;0m[38;2;0;111;0m▄[0m
[48;2;0;129;2m[38;2;0;97;10m▄[48;2;0;87;0m[38;2;0;60;1m▄[48;2;0;68;16m[38;2;0;60;8m▄[48;2;0;58;4m[38;2;0;74;10m▄[48;2;0;66;3m[38;2;0;56;6m▄[48;2;0;58;9m[38;2;0;132;0m▄[48;2;0;97;0m[38;2;168;0;207m▄[48;2;255;0;208m[38;2;156;0;187m▄[48;2;255;0;176m[38;2;190;0;183m▄[48;2;225;24;0m[38;2;31;69;146m▄[48;2;73;82;255m[38;2;55;45;166m▄[48;2;26;80;177m[38;2;255;0;55m▄[48;2;78;1;154m[38;2;70;60;32m▄[48;2;134;39;36m[38;2;186;6;0m▄[48;2;31;6;111m[38;2;226;51;0m▄[48;2;147;126;68m[38;2;38;10;0m▄[48;2;255;78;0m[38;2;255;158;0m▄[48;2;196;139;0m[38;2;255;159;0m▄[48;2;134;98;0m[38;2;200;130;0m▄[48;2;255;255;6m[38;2;255;163;0m▄[48;2;255;253;0m[38;2;255;151;0m▄[48;2;255;255;0m[38;2;255;156;0m▄[38;2;207;24;0m▄[38;2;195;122;13m▄[48;2;255;255;20m[38;2;70;9;15m▄[48;2;10;19;15m[38;2;10;19;19m▄[48;2;9;18;21m[38;2;4;13;16m▄[48;2;48;9;92m[38;2;181;0;8m▄[48;2;22;14;42m[38;2;162;8;0m▄[48;2;194;0;140m[38;2;68;9;1m▄[48;2;187;0;0m[38;2;147;10;0m▄[48;2;146;0;97m[38;2;230;122;0m▄[48;2;159;34;46m[38;2;255;193;0m▄[48;2;255;42;193m[38;2;150;0;178m▄[48;2;0;184;0m[38;2;183;0;202m▄[48;2;0;222;0m[38;2;0;211;0m▄[48;2;0;240;0m[38;2;0;237;0m▄[48;2;0;208;0m[38;2;0;224;0m▄[48;2;0;114;13m[38;2;0;99;0m▄[48;2;0;105;9m[38;2;0;124;0m▄[0m
[48;2;0;57;9m[38;2;0;66;7m▄[48;2;0;61;13m[38;2;0;84;26m▄[48;2;0;72;16m[38;2;0;51;0m▄[48;2;0;56;15m[38;2;0;118;20m▄[48;2;0;132;27m[38;2;45;0;174m▄[48;2;97;0;177m[38;2;61;0;184m▄[48;2;109;0;199m[38;2;128;0;186m▄[48;2;145;0;199m[38;2;13;10;91m▄[48;2;50;31;42m[38;2;14;21;72m▄[48;2;255;255;0m[38;2;192;24;40m▄[48;2;144;123;100m[38;2;40;37;110m▄[48;2;91;9;110m[38;2;0;26;231m▄[48;2;78;139;151m[38;2;255;0;7m▄[48;2;112;36;12m[38;2;255;236;0m▄[48;2;255;252;31m[38;2;255;255;0m▄[48;2;196;67;0m[38;2;255;250;7m▄[48;2;255;230;0m[38;2;255;255;0m▄[48;2;255;231;0m▄[48;2;202;144;0m[38;2;237;211;32m▄[48;2;255;228;0m[38;2;255;255;0m▄[48;2;255;150;0m[38;2;255;158;0m▄[48;2;255;220;0m[38;2;255;255;0m▄[48;2;216;30;0m[38;2;220;25;0m▄[48;2;146;82;0m[38;2;142;40;0m▄[48;2;80;13;16m[38;2;63;12;15m▄[48;2;21;13;13m[38;2;20;20;26m▄[48;2;219;37;0m[38;2;255;176;0m▄[48;2;55;13;0m[38;2;201;12;0m▄[48;2;218;32;0m[38;2;255;123;0m▄[48;2;152;84;24m[38;2;121;99;0m▄[48;2;255;234;0m[38;2;255;235;39m▄[48;2;255;255;0m[38;2;110;78;31m▄[48;2;85;21;0m[38;2;102;9;18m▄[48;2;32;15;31m[38;2;146;8;190m▄[48;2;100;0;198m[38;2;73;0;184m▄[48;2;103;0;194m[38;2;55;0;183m▄[48;2;0;232;0m[38;2;46;0;162m▄[48;2;0;237;0m[38;2;0;238;0m▄[48;2;0;88;8m[38;2;0;110;24m▄[48;2;0;112;3m[38;2;0;88;0m▄[0m
[48;2;0;74;0m[38;2;0;58;4m▄[48;2;0;58;0m[38;2;0;61;1m▄[48;2;0;94;0m[38;2;19;0;188m▄[48;2;37;0;164m[38;2;20;0;166m▄[48;2;48;0;172m[38;2;42;0;178m▄[48;2;98;2;176m[38;2;0;20;177m▄[48;2;19;13;105m[38;2;9;19;138m▄[48;2;3;20;112m[38;2;243;253;240m▄[48;2;13;26;76m[38;2;238;253;241m▄[48;2;28;32;45m[38;2;73;79;226m▄[48;2;57;48;0m[38;2;27;27;58m▄[48;2;255;214;0m[38;2;249;184;0m▄[48;2;171;108;0m[38;2;166;98;0m▄[48;2;255;255;0m[38;2;200;58;0m▄[38;2;99;18;0m▄[38;2;123;14;3m▄[48;2;200;157;0m[38;2;106;2;0m▄[48;2;184;156;0m[38;2;255;0;0m▄[48;2;246;228;0m▄[48;2;255;255;0m▄[48;2;255;164;0m▄[48;2;255;255;0m▄[48;2;222;26;0m▄[48;2;148;22;0m▄[48;2;64;0;45m▄[48;2;146;117;0m[38;2;201;114;0m▄[48;2;254;223;0m[38;2;255;255;0m▄[48;2;255;255;0m[38;2;236;210;9m▄[48;2;99;61;0m[38;2;255;242;0m▄[48;2;253;234;9m[38;2;255;208;0m▄[48;2;202;120;0m[38;2;183;168;97m▄[48;2;207;24;0m[38;2;7;24;94m▄[48;2;12;21;94m[38;2;4;14;133m▄[48;2;9;12;129m[38;2;3;15;133m▄[48;2;127;0;184m[38;2;0;21;170m▄[48;2;43;0;180m[38;2;103;0;164m▄[48;2;36;0;170m[38;2;21;0;171m▄[48;2;18;0;168m[38;2;19;0;163m▄[48;2;0;126;16m[38;2;22;1;164m▄[48;2;0;90;2m[38;2;0;79;15m▄[0m
[48;2;0;67;16m[38;2;4;12;88m▄[48;2;18;0;157m[38;2;6;3;140m▄[48;2;25;0;156m[38;2;0;1;168m▄[48;2;45;0;133m[38;2;157;45;206m▄[48;2;0;14;160m[38;2;0;48;255m▄[48;2;0;14;200m[38;2;0;22;243m▄[48;2;168;175;187m[38;2;255;255;253m▄[48;2;246;253;242m[38;2;237;255;246m▄[48;2;223;248;255m[38;2;178;204;213m▄[48;2;193;218;238m[38;2;73;106;132m▄[48;2;40;63;88m[38;2;64;91;132m▄[48;2;255;0;15m[38;2;208;237;226m▄[48;2;22;22;48m[38;2;24;22;80m▄[48;2;14;22;24m[38;2;255;0;0m▄[48;2;255;0;0m[38;2;255;106;96m▄[48;2;172;24;20m[38;2;255;130;112m▄[48;2;224;78;49m[38;2;255;55;37m▄[48;2;255;81;72m[38;2;255;0;0m▄[48;2;255;15;15m[38;2;0;42;246m▄[48;2;255;0;0m[38;2;0;27;228m▄[38;2;0;25;214m▄[38;2;0;20;202m▄[38;2;0;18;194m▄[48;2;255;0;14m[38;2;18;19;152m▄[48;2;255;0;0m[38;2;255;0;0m▄▄▄[48;2;234;0;0m▄[48;2;25;19;76m▄[48;2;68;14;14m[38;2;0;13;98m▄[48;2;255;0;0m[38;2;255;0;2m▄[48;2;15;9;130m[38;2;255;127;129m▄[48;2;2;10;120m[38;2;0;10;200m▄[48;2;0;16;176m[38;2;0;30;222m▄[48;2;0;21;162m[38;2;0;42;225m▄[48;2;0;19;226m[38;2;0;73;255m▄[48;2;115;0;201m[38;2;0;84;255m▄[48;2;8;2;158m[38;2;45;0;166m▄[48;2;3;10;134m[38;2;0;12;108m▄[48;2;4;14;84m[38;2;1;20;79m▄[0m
[48;2;15;7;96m[38;2;34;7;93m▄[48;2;2;8;114m[38;2;45;6;128m▄[48;2;117;2;206m[38;2;0;60;159m▄[48;2;0;102;255m[38;2;0;111;255m▄[48;2;0;74;255m[38;2;0;164;45m▄[48;2;0;52;152m[38;2;0;158;0m▄[48;2;237;255;254m[38;2;223;250;248m▄[48;2;200;229;237m[38;2;192;218;230m▄[48;2;186;212;225m[38;2;66;98;117m▄[48;2;86;122;154m[38;2;75;104;130m▄[48;2;58;92;116m[38;2;24;48;64m▄[48;2;118;135;183m[38;2;38;3;132m▄[48;2;255;0;33m[38;2;255;0;0m▄[48;2;255;49;39m[38;2;255;102;73m▄[48;2;255;123;96m[38;2;255;0;0m▄[48;2;255;0;0m▄[48;2;139;0;68m[38;2;220;243;240m▄[48;2;250;255;225m[38;2;0;52;132m▄[48;2;237;255;255m[38;2;118;141;231m▄[48;2;0;30;201m[38;2;213;230;246m▄[48;2;0;25;214m[38;2;0;22;214m▄[48;2;0;25;207m[38;2;0;26;206m▄[48;2;0;22;205m[38;2;230;220;205m▄[48;2;133;142;171m[38;2;136;177;175m▄[48;2;182;188;205m[38;2;0;30;92m▄[48;2;255;0;0m[38;2;217;252;255m▄[38;2;255;0;0m▄▄▄[48;2;13;13;99m▄[48;2;27;8;111m[38;2;0;34;204m▄[48;2;255;116;115m[38;2;255;0;0m▄[48;2;0;46;202m[38;2;255;19;82m▄[48;2;0;21;171m[38;2;0;56;10m▄[48;2;0;80;255m[38;2;0;102;255m▄[48;2;0;79;225m[38;2;0;106;44m▄[48;2;0;114;255m[38;2;0;108;255m▄[48;2;8;33;181m[38;2;0;99;39m▄[48;2;25;3;118m[38;2;171;4;225m▄[48;2;0;19;74m[38;2;61;15;102m▄[0m
[48;2;91;0;158m[38;2;202;39;235m▄[48;2;202;72;199m[38;2;0;57;3m▄[48;2;0;48;68m[38;2;0;63;0m▄[48;2;0;90;154m[38;2;0;201;0m▄[48;2;0;234;0m[38;2;0;231;0m▄[48;2;0;123;0m[38;2;0;138;0m▄[48;2;60;94;81m[38;2;4;33;104m▄[48;2;103;138;154m[38;2;0;18;12m▄[48;2;108;142;171m[38;2;255;0;0m▄[48;2;50;64;92m[38;2;115;0;0m▄[48;2;126;0;28m[38;2;9;42;7m▄[48;2;32;68;0m[38;2;255;0;0m▄[48;2;255;6;0m[38;2;255;25;14m▄[48;2;255;90;61m[38;2;255;39;8m▄[48;2;255;0;0m[38;2;255;0;0m▄[48;2;31;103;255m[38;2;0;116;255m▄[48;2;244;255;255m[38;2;27;68;123m▄[48;2;0;76;255m[38;2;139;156;175m▄[48;2;69;96;136m[38;2;98;130;153m▄[48;2;144;171;163m[38;2;0;26;228m▄[48;2;0;21;213m[38;2;0;26;218m▄[48;2;0;24;207m[38;2;0;25;207m▄[48;2;230;255;255m[38;2;45;36;97m▄[48;2;159;181;190m[38;2;180;195;201m▄[48;2;3;74;208m[38;2;118;146;172m▄[48;2;212;219;231m[38;2;52;70;91m▄[48;2;160;0;19m[38;2;0;21;61m▄[48;2;255;0;0m[38;2;255;0;0m▄▄▄[48;2;0;37;43m[38;2;0;44;42m▄[48;2;0;38;28m[38;2;226;253;255m▄[48;2;255;0;0m[38;2;175;159;162m▄[48;2;232;241;242m[38;2;186;207;218m▄[48;2;0;72;4m[38;2;67;94;117m▄[48;2;0;133;0m[38;2;44;106;121m▄[48;2;0;99;42m[38;2;0;243;0m▄[48;2;0;146;12m[38;2;0;98;0m▄[48;2;0;37;30m[38;2;0;40;21m▄[48;2;190;33;210m[38;2;20;20;30m▄[0m
[48;2;27;22;31m[38;2;0;42;9m▄[48;2;0;49;13m[38;2;0;45;13m▄[48;2;0;116;0m[38;2;0;120;0m▄[48;2;0;194;0m[38;2;0;199;0m▄[48;2;0;212;0m▄[48;2;0;126;7m[38;2;0;79;33m▄[48;2;52;70;255m[38;2;4;0;181m▄[48;2;0;183;22m[38;2;0;187;8m▄[48;2;255;0;0m[38;2;255;19;50m▄[48;2;90;0;0m[38;2;171;0;0m▄[48;2;0;188;14m[38;2;0;200;6m▄[48;2;255;0;0m[38;2;255;0;22m▄[48;2;255;10;1m[38;2;255;0;0m▄[48;2;255;0;0m▄▄[48;2;33;100;255m[38;2;50;74;186m▄[48;2;1;87;255m[38;2;255;255;0m▄[48;2;0;62;255m[38;2;115;102;70m▄[48;2;0;44;226m[38;2;0;30;250m▄[48;2;0;31;223m[38;2;22;91;93m▄[48;2;255;28;38m[38;2;97;64;0m▄[48;2;19;13;140m[38;2;111;136;0m▄[48;2;0;20;196m[38;2;56;122;0m▄[48;2;14;33;168m[38;2;232;192;0m▄[48;2;0;19;145m[38;2;0;12;132m▄[48;2;0;18;120m[38;2;0;19;98m▄[48;2;8;19;70m[38;2;12;13;66m▄[48;2;255;0;0m[38;2;255;0;0m▄▄▄[48;2;0;56;27m[38;2;0;58;14m▄[48;2;0;56;26m[38;2;0;55;3m▄[48;2;170;199;211m[38;2;24;56;88m▄[48;2;70;106;141m[38;2;72;117;152m▄[48;2;84;122;153m[38;2;110;156;181m▄[48;2;68;112;147m[38;2;52;97;129m▄[48;2;0;234;0m[38;2;43;75;69m▄[48;2;0;48;6m[38;2;0;37;14m▄[48;2;0;44;21m[38;2;0;64;14m▄[48;2;0;138;12m[38;2;0;231;0m▄[0m
[48;2;0;37;10m[38;2;0;46;7m▄[48;2;0;43;18m[38;2;0;40;18m▄[48;2;0;106;0m[38;2;0;86;0m▄[48;2;0;188;0m[38;2;0;184;0m▄[48;2;0;187;0m[38;2;0;208;4m▄[48;2;33;67;255m[38;2;122;108;0m▄[48;2;0;45;0m[38;2;0;61;7m▄[48;2;0;184;0m[38;2;0;169;0m▄[48;2;0;76;9m[38;2;0;82;0m▄[48;2;7;24;3m[38;2;0;39;10m▄[48;2;0;154;22m[38;2;0;81;2m▄[48;2;132;3;0m[38;2;0;139;0m▄[48;2;255;0;0m[38;2;255;0;0m▄▄▄[48;2;242;210;25m[38;2;135;0;0m▄[48;2;255;255;0m[38;2;255;255;0m▄[48;2;193;174;0m[38;2;0;204;0m▄[48;2;105;211;22m[38;2;0;134;0m▄[48;2;255;255;0m[38;2;255;255;0m▄▄[48;2;255;252;0m[38;2;255;252;0m▄[48;2;213;207;60m[38;2;255;237;0m▄[48;2;0;218;0m[38;2;237;211;0m▄[48;2;208;190;0m[38;2;219;194;0m▄[48;2;62;72;21m[38;2;79;73;0m▄[48;2;60;8;10m[38;2;255;0;0m▄[48;2;255;0;0m▄[38;2;244;0;0m▄[48;2;244;0;0m[38;2;236;0;0m▄[48;2;0;57;13m[38;2;0;51;8m▄[48;2;3;36;9m[38;2;0;48;4m▄[48;2;51;85;110m[38;2;94;128;153m▄[48;2;85;129;164m[38;2;170;198;214m▄[48;2;88;133;168m[38;2;180;207;228m▄[48;2;49;93;126m[38;2;172;210;230m▄[48;2;176;213;232m[38;2;190;219;217m▄[48;2;0;49;14m[38;2;0;60;7m▄[48;2;0;132;3m[38;2;0;234;0m▄[48;2;0;237;0m[38;2;0;235;0m▄[0m
[48;2;0;44;9m[38;2;0;51;2m▄[48;2;0;42;9m[38;2;0;40;9m▄[48;2;0;61;0m[38;2;0;51;13m▄[48;2;0;154;0m[38;2;0;156;7m▄[48;2;255;255;158m[38;2;255;255;98m▄[48;2;22;43;0m[38;2;0;39;7m▄[48;2;0;68;6m[38;2;0;67;6m▄[48;2;0;141;3m[38;2;0;103;0m▄[48;2;0;85;0m[38;2;0;151;9m▄[48;2;0;66;8m[38;2;0;82;0m▄[48;2;0;37;15m[38;2;0;48;13m▄[48;2;0;196;18m[38;2;146;98;0m▄[48;2;255;0;0m[38;2;22;7;3m▄[38;2;255;0;0m▄▄▄[48;2;159;0;0m▄[48;2;255;255;0m[38;2;168;0;0m▄[38;2;248;0;0m▄[38;2;188;123;0m▄[38;2;255;246;24m▄[48;2;255;250;0m[38;2;255;226;0m▄[48;2;255;238;0m[38;2;106;42;0m▄[48;2;250;219;0m[38;2;121;0;13m▄[48;2;91;76;2m[38;2;236;0;0m▄[48;2;181;0;0m[38;2;255;0;0m▄[48;2;255;0;0m▄[38;2;133;0;1m▄[48;2;139;0;2m[38;2;138;0;1m▄[48;2;56;15;10m[38;2;0;56;13m▄[48;2;0;52;8m[38;2;0;51;8m▄[48;2;0;48;7m[38;2;0;63;13m▄[48;2;164;190;200m[38;2;0;57;9m▄[48;2;206;235;244m[38;2;88;139;20m▄[48;2;223;252;249m[38;2;0;69;26m▄[48;2;220;240;237m[38;2;0;45;10m▄[48;2;0;48;4m[38;2;0;87;19m▄[48;2;0;126;10m[38;2;0;236;0m▄[48;2;0;242;0m[38;2;0;234;0m▄[48;2;0;220;9m[38;2;0;156;0m▄[0m
[48;2;0;52;2m[38;2;0;88;13m▄[48;2;0;48;7m[38;2;0;54;0m▄[48;2;0;43;21m[38;2;0;39;12m▄[48;2;0;164;0m[38;2;0;150;0m▄[48;2;54;94;6m[38;2;0;154;0m▄[48;2;0;164;0m[38;2;0;157;2m▄[48;2;0;110;0m[38;2;0;140;0m▄[48;2;0;86;0m[38;2;0;70;7m▄[48;2;0;136;0m[38;2;0;124;3m▄[48;2;2;72;14m[38;2;0;168;0m▄[48;2;255;248;75m[38;2;255;254;0m▄[48;2;146;123;91m[38;2;255;192;0m▄[48;2;255;94;0m[38;2;255;250;207m▄[48;2;204;0;0m[38;2;234;64;0m▄[48;2;255;0;0m[38;2;225;0;0m▄[38;2;214;0;0m▄[38;2;255;0;0m▄▄▄[48;2;214;0;0m▄[48;2;175;0;0m▄[48;2;138;0;0m▄[48;2;255;0;0m▄▄[38;2;189;0;0m▄[38;2;67;3;0m▄[48;2;103;0;0m[38;2;67;0;4m▄[48;2;70;1;3m[38;2;0;16;7m▄[48;2;0;66;20m[38;2;58;20;4m▄[48;2;0;49;0m[38;2;7;22;16m▄[48;2;0;51;9m[38;2;0;48;15m▄[48;2;0;45;20m[38;2;0;188;0m▄[48;2;0;194;0m[38;2;0;164;0m▄[48;2;0;150;0m[38;2;0;50;6m▄[48;2;0;48;22m[38;2;0;58;7m▄[48;2;0;55;10m[38;2;0;171;0m▄[48;2;0;200;0m[38;2;0;242;0m▄[48;2;0;232;0m[38;2;0;217;0m▄[48;2;0;181;0m[38;2;0;207;0m▄[48;2;0;158;6m[38;2;0;194;0m▄[0m
[48;2;0;162;4m[38;2;0;175;0m▄[48;2;0;60;28m[38;2;0;80;18m▄[48;2;0;38;8m[38;2;0;40;14m▄[48;2;0;51;0m[38;2;0;34;2m▄[48;2;0;150;0m[38;2;0;139;3m▄[48;2;0;163;0m[38;2;0;150;0m▄[48;2;0;117;0m[38;2;0;93;16m▄[48;2;0;105;0m[38;2;0;55;55m▄[48;2;0;93;26m[38;2;0;54;0m▄[48;2;0;159;0m[38;2;0;123;0m▄[48;2;0;159;15m[38;2;0;171;31m▄[48;2;255;247;42m[38;2;48;19;44m▄[48;2;225;27;0m[38;2;165;1;25m▄[48;2;62;19;9m[38;2;255;226;0m▄[48;2;200;78;0m[38;2;78;64;4m▄[48;2;49;7;13m[38;2;254;148;102m▄[48;2;178;0;3m[38;2;22;19;19m▄[48;2;154;0;0m[38;2;60;12;3m▄[48;2;193;0;3m[38;2;194;0;0m▄[48;2;255;0;4m[38;2;100;0;0m▄[48;2;255;0;8m[38;2;73;0;2m▄[48;2;235;0;4m[38;2;49;4;8m▄[48;2;141;0;7m[38;2;45;10;12m▄[48;2;81;3;3m[38;2;120;0;0m▄[48;2;78;0;2m[38;2;127;12;0m▄[48;2;169;0;0m[38;2;150;18;18m▄[48;2;16;13;16m[38;2;255;151;0m▄[48;2;189;7;0m[38;2;255;238;121m▄[48;2;255;81;0m[38;2;253;84;0m▄[48;2;34;22;0m[38;2;255;255;0m▄[48;2;0;109;28m[38;2;0;70;20m▄[48;2;0;122;39m[38;2;0;50;7m▄[48;2;0;49;4m[38;2;0;61;0m▄[48;2;0;60;12m[38;2;0;187;0m▄[48;2;0;178;0m[38;2;0;196;18m▄[48;2;0;241;0m[38;2;0;232;0m▄[48;2;0;226;0m[38;2;0;223;0m▄[48;2;0;231;0m[38;2;0;224;0m▄[48;2;0;220;0m[38;2;0;186;0m▄[48;2;0;166;19m[38;2;0;160;0m▄[0m
[48;2;0;192;0m[38;2;0;224;0m▄[48;2;0;132;0m[38;2;0;157;0m▄[48;2;0;48;10m[38;2;0;87;2m▄[48;2;0;38;12m[38;2;0;40;15m▄[48;2;0;67;2m[38;2;0;36;10m▄[48;2;0;146;3m[38;2;42;36;81m▄[48;2;218;170;232m[38;2;112;4;218m▄[48;2;92;22;220m[38;2;158;19;235m▄[48;2;0;121;0m[38;2;26;0;192m▄[48;2;74;30;128m[38;2;24;0;136m▄[48;2;97;1;220m[38;2;50;0;190m▄[48;2;57;0;195m[38;2;44;0;190m▄[48;2;30;0;183m[38;2;37;0;171m▄[48;2;72;9;24m[38;2;22;0;145m▄[48;2;30;8;0m[38;2;98;62;2m▄[48;2;224;9;0m[38;2;255;157;0m▄[48;2;226;177;140m[38;2;0;19;28m▄[48;2;15;18;8m[38;2;0;152;2m▄[48;2;0;42;15m[38;2;0;165;3m▄[38;2;0;138;7m▄[48;2;0;42;22m[38;2;0;100;0m▄[48;2;0;42;15m[38;2;0;94;21m▄[48;2;152;33;14m[38;2;218;28;15m▄[48;2;255;164;106m[38;2;255;255;0m▄[48;2;255;218;0m[38;2;255;153;0m▄[48;2;116;81;10m[38;2;255;243;96m▄[48;2;255;118;0m[38;2;242;135;0m▄[48;2;169;136;0m[38;2;255;255;0m▄[48;2;165;18;6m[38;2;20;1;151m▄[48;2;46;63;0m[38;2;37;0;178m▄[48;2;0;46;3m[38;2;27;0;147m▄[48;2;0;81;2m[38;2;67;33;192m▄[48;2;0;230;0m[38;2;205;111;237m▄[48;2;234;170;230m[38;2;230;118;218m▄[48;2;158;61;205m[38;2;74;0;241m▄[48;2;0;219;0m[38;2;0;217;0m▄[48;2;0;204;0m[38;2;0;237;0m▄[48;2;0;214;0m[38;2;0;206;0m▄[48;2;0;183;0m[38;2;0;136;0m▄[48;2;0;120;1m[38;2;0;124;0m▄[0m
[48;2;0;234;0m[38;2;0;234;0m▄[48;2;0;176;0m[38;2;0;218;0m▄[48;2;0;151;0m[38;2;0;159;0m▄[48;2;0;48;13m[38;2;0;87;4m▄[48;2;0;34;15m[38;2;0;43;19m▄[48;2;62;0;218m[38;2;20;0;164m▄[48;2;66;0;196m[38;2;57;0;189m▄[48;2;142;0;213m[38;2;100;0;213m▄[48;2;81;0;219m[38;2;100;0;211m▄[48;2;36;2;175m[38;2;64;0;199m▄[48;2;39;0;141m[38;2;42;0;194m▄[48;2;43;0;181m[38;2;26;0;172m▄[48;2;27;0;169m[38;2;16;1;108m▄[48;2;22;0;124m[38;2;10;4;36m▄[48;2;6;7;60m[38;2;6;14;12m▄[48;2;0;3;49m[38;2;3;10;22m▄[48;2;0;102;9m[38;2;0;178;3m▄[48;2;0;85;7m[38;2;0;226;0m▄[48;2;0;58;7m[38;2;0;224;6m▄[48;2;0;54;13m[38;2;0;188;1m▄[48;2;0;54;0m[38;2;0;163;4m▄[48;2;0;54;15m[38;2;0;153;0m▄[48;2;0;48;0m[38;2;0;154;0m▄[48;2;168;180;154m[38;2;9;9;40m▄[48;2;0;6;67m[38;2;3;10;61m▄[48;2;80;82;68m[38;2;21;0;145m▄[48;2;34;0;162m[38;2;32;0;180m▄[48;2;49;0;198m[38;2;45;0;189m▄[48;2;51;0;212m[38;2;57;0;163m▄[48;2;69;0;152m[38;2;81;6;165m▄[48;2;76;10;116m[38;2;141;0;222m▄[48;2;192;58;241m[38;2;174;0;214m▄[48;2;213;0;201m[38;2;216;0;214m▄[48;2;246;74;212m[38;2;216;57;211m▄[48;2;28;0;159m[38;2;26;0;154m▄[48;2;0;231;0m[38;2;0;136;4m▄[48;2;0;157;0m[38;2;0;136;2m▄[48;2;0;111;3m[38;2;0;153;0m▄[48;2;0;106;22m[38;2;0;103;4m▄[48;2;0;74;0m[38;2;0;61;0m▄[0m
[48;2;0;232;0m[38;2;0;238;0m▄[48;2;0;223;0m[38;2;0;226;0m▄[48;2;0;171;0m[38;2;0;206;0m▄[48;2;0;154;0m[38;2;0;204;0m▄[48;2;0;50;7m[38;2;0;115;2m▄[48;2;38;0;148m[38;2;0;48;0m▄[48;2;36;0;164m[38;2;0;38;14m▄[48;2;40;0;193m[38;2;0;22;70m▄[48;2;24;0;158m[38;2;18;8;108m▄[48;2;8;0;111m[38;2;13;0;164m▄[48;2;8;7;68m[38;2;10;0;160m▄[48;2;4;7;39m[38;2;27;0;157m▄[48;2;8;12;25m[38;2;8;0;115m▄[48;2;6;10;31m[38;2;0;62;38m▄[48;2;9;7;54m[38;2;0;151;0m▄[48;2;0;85;15m[38;2;0;144;0m▄[48;2;0;144;2m[38;2;0;168;0m▄[48;2;0;151;0m[38;2;0;216;0m▄[48;2;0;166;3m[38;2;0;194;1m▄[48;2;0;166;9m[38;2;0;152;0m▄[48;2;0;184;0m[38;2;0;153;15m▄[48;2;0;206;4m[38;2;0;160;1m▄[48;2;0;218;0m[38;2;0;156;15m▄[48;2;6;12;25m[38;2;0;186;1m▄[48;2;2;12;30m[38;2;4;57;9m▄[48;2;0;8;63m[38;2;4;26;1m▄[48;2;3;0;118m[38;2;6;9;48m▄[48;2;20;0;151m[38;2;0;12;94m▄[48;2;34;0;177m[38;2;7;1;133m▄[48;2;67;0;208m[38;2;16;0;148m▄[48;2;118;0;214m[38;2;52;0;196m▄[48;2;168;0;216m[38;2;91;0;213m▄[48;2;152;0;252m[38;2;45;0;187m▄[48;2;30;0;162m[38;2;21;0;142m▄[48;2;19;1;120m[38;2;8;30;56m▄[48;2;10;138;0m[38;2;0;63;3m▄[48;2;0;122;0m[38;2;0;58;2m▄[48;2;0;114;0m[38;2;0;51;7m▄[48;2;0;62;16m▄[48;2;0;55;0m[38;2;0;58;0m▄[0m
[48;2;0;234;0m[38;2;0;213;0m▄[48;2;0;219;0m[38;2;0;218;0m▄[48;2;0;220;0m[38;2;0;194;1m▄[48;2;0;213;0m[38;2;0;176;0m▄[48;2;0;154;0m[38;2;0;145;0m▄[48;2;0;122;8m[38;2;0;151;0m▄[48;2;0;51;0m[38;2;0;87;10m▄[48;2;0;39;15m[38;2;0;46;1m▄[48;2;0;39;10m[38;2;0;39;13m▄[48;2;0;54;18m[38;2;0;42;8m▄[48;2;0;130;0m[38;2;0;45;13m▄[48;2;0;115;6m[38;2;0;82;0m▄[48;2;0;91;0m[38;2;0;129;6m▄[48;2;0;55;7m[38;2;0;118;0m▄[48;2;0;62;18m[38;2;0;87;0m▄[48;2;0;91;0m[38;2;0;57;20m▄[48;2;0;147;9m[38;2;0;63;15m▄[48;2;0;133;2m[38;2;0;70;10m▄[48;2;0;136;3m[38;2;0;84;9m▄[48;2;0;156;0m[38;2;0;96;8m▄[48;2;0;183;0m[38;2;0;111;13m▄[48;2;0;202;0m[38;2;0;112;3m▄[48;2;0;226;0m[38;2;0;123;7m▄[48;2;0;240;0m[38;2;0;84;0m▄[48;2;0;237;7m[38;2;0;70;0m▄[48;2;0;237;10m[38;2;0;70;10m▄[48;2;0;218;0m[38;2;0;66;14m▄[48;2;0;183;0m[38;2;0;58;4m▄[48;2;0;121;2m[38;2;0;54;9m▄[48;2;0;94;15m[38;2;0;49;8m▄[48;2;0;46;26m[38;2;0;48;12m▄[48;2;0;44;0m[38;2;0;45;10m▄[48;2;0;38;12m▄[48;2;0;46;12m[38;2;0;43;14m▄[48;2;0;38;13m[38;2;0;37;10m▄[48;2;0;37;9m▄[48;2;0;38;12m▄[48;2;0;39;12m[38;2;0;38;12m▄[48;2;0;46;14m[38;2;0;42;9m▄[48;2;0;56;9m[38;2;0;51;7m▄[0m
