␛[48;2;255;0;108m␛[38;2;217;14;79m▄␛[48;2;180;13;48m␛[38;2;103;84;105m▄␛[48;2;189;91;110m␛[38;2;58;55;78m▄␛[48;2;78;62;79m␛[38;2;32;45;22m▄␛[48;2;39;40;62m␛[38;2;24;38;9m▄␛[48;2;18;18;18m␛[38;2;8;8;4m▄␛[48;2;9;30;19m␛[38;2;18;22;16m▄␛[48;2;27;31;8m␛[38;2;0;0;0m▄␛[48;2;12;4;0m▄␛[48;2;60;8;0m␛[38;2;0;1;0m▄␛[48;2;174;27;0m␛[38;2;1;25;0m▄␛[48;2;205;45;0m␛[38;2;62;72;0m▄␛[48;2;145;80;0m␛[38;2;36;51;0m▄␛[48;2;165;0;0m␛[38;2;36;8;0m▄␛[48;2;57;27;0m␛[38;2;6;0;0m▄␛[48;2;0;2;0m␛[38;2;0;0;0m▄␛[48;2;22;0;13m␛[38;2;28;0;15m▄␛[48;2;9;0;0m␛[38;2;0;0;0m▄␛[48;2;26;16;0m␛[38;2;14;18;0m▄␛[48;2;72;0;43m␛[38;2;0;0;0m▄␛[48;2;228;0;61m␛[38;2;201;0;40m▄␛[48;2;243;0;0m␛[38;2;255;0;24m▄␛[48;2;150;0;0m␛[38;2;255;4;0m▄␛[48;2;135;1;0m␛[38;2;198;10;0m▄␛[48;2;156;90;109m␛[38;2;205;100;132m▄␛[48;2;116;72;102m␛[38;2;182;134;160m▄␛[48;2;42;21;34m␛[38;2;72;94;126m▄␛[48;2;58;55;0m␛[38;2;84;139;110m▄␛[48;2;20;16;0m␛[38;2;85;110;93m▄␛[48;2;1;0;0m␛[38;2;84;121;82m▄␛[48;2;36;55;16m␛[38;2;72;96;63m▄␛[48;2;72;68;0m␛[38;2;85;88;44m▄␛[48;2;66;114;0m␛[38;2;105;122;28m▄␛[48;2;57;92;0m␛[38;2;80;99;6m▄␛[48;2;114;110;18m␛[38;2;199;132;45m▄␛[48;2;136;81;0m␛[38;2;255;114;54m▄␛[48;2;255;43;12m␛[38;2;255;112;80m▄␛[48;2;229;44;4m␛[38;2;0;2;42m▄␛[48;2;178;70;0m␛[38;2;208;139;100m▄␛[48;2;196;96;0m␛[38;2;219;97;27m▄␛[0m
␛[48;2;193;72;163m␛[38;2;176;58;109m▄␛[48;2;70;86;70m␛[38;2;32;57;20m▄␛[48;2;50;84;37m␛[38;2;97;78;0m▄␛[48;2;0;33;0m␛[38;2;63;42;6m▄␛[48;2;60;45;0m␛[38;2;84;93;0m▄␛[48;2;88;28;15m␛[38;2;130;38;0m▄␛[48;2;13;1;0m␛[38;2;147;19;0m▄␛[48;2;0;0;0m␛[38;2;8;20;2m▄␛[38;2;70;0;51m▄␛[48;2;60;2;60m␛[38;2;0;0;0m▄␛[48;2;0;0;0m▄␛[48;2;138;0;82m␛[38;2;109;0;66m▄␛[48;2;91;0;64m␛[38;2;222;14;91m▄␛[48;2;0;0;0m␛[38;2;162;44;98m▄␛[48;2;19;0;15m␛[38;2;188;88;130m▄␛[48;2;25;2;20m␛[38;2;124;102;128m▄␛[48;2;2;0;14m␛[38;2;93;99;87m▄␛[48;2;30;34;12m␛[38;2;108;55;91m▄␛[48;2;28;34;14m␛[38;2;199;76;176m▄␛[48;2;85;0;55m␛[38;2;228;64;134m▄␛[48;2;206;0;61m␛[38;2;255;62;145m▄␛[48;2;255;0;121m␛[38;2;222;0;91m▄␛[48;2;255;0;49m␛[38;2;255;0;75m▄␛[48;2;255;9;99m␛[38;2;255;0;104m▄␛[48;2;255;55;57m␛[38;2;255;0;111m▄␛[48;2;210;75;84m␛[38;2;255;0;48m▄␛[48;2;133;62;82m␛[38;2;214;0;42m▄␛[48;2;62;21;56m␛[38;2;18;0;0m▄␛[48;2;48;61;0m␛[38;2;20;0;0m▄␛[48;2;36;64;0m␛[38;2;20;3;0m▄␛[48;2;9;28;0m␛[38;2;15;31;0m▄␛[48;2;49;44;0m␛[38;2;0;0;0m▄␛[48;2;24;12;1m␛[38;2;82;0;40m▄␛[48;2;46;1;4m␛[38;2;43;0;16m▄␛[48;2;72;93;0m␛[38;2;38;54;9m▄␛[48;2;206;33;0m␛[38;2;158;100;46m▄␛[48;2;39;0;0m␛[38;2;0;66;100m▄␛[48;2;146;57;69m␛[38;2;220;80;69m▄␛[48;2;223;74;27m␛[38;2;219;104;66m▄␛[48;2;231;126;54m␛[38;2;189;124;38m▄␛[0m
␛[48;2;129;4;91m␛[38;2;171;0;123m▄␛[48;2;7;20;0m␛[38;2;73;0;50m▄␛[48;2;54;44;0m␛[38;2;14;18;0m▄␛[48;2;13;39;0m␛[38;2;33;0;3m▄␛[48;2;75;87;0m␛[38;2;50;57;8m▄␛[48;2;68;58;0m␛[38;2;48;42;21m▄␛[48;2;30;45;25m␛[38;2;36;33;43m▄␛[48;2;21;25;15m␛[38;2;130;50;73m▄␛[48;2;12;0;14m␛[38;2;169;61;79m▄␛[48;2;34;26;26m␛[38;2;160;78;84m▄␛[48;2;61;62;57m␛[38;2;99;90;92m▄␛[48;2;165;110;136m␛[38;2;123;75;138m▄␛[48;2;192;139;178m␛[38;2;114;56;110m▄␛[48;2;193;110;145m␛[38;2;231;117;177m▄␛[48;2;123;46;82m␛[38;2;175;92;120m▄␛[48;2;30;37;46m␛[38;2;90;103;99m▄␛[48;2;38;51;50m␛[38;2;109;92;112m▄␛[48;2;79;55;87m␛[38;2;168;93;128m▄␛[48;2;156;67;117m␛[38;2;192;34;76m▄␛[48;2;238;90;138m␛[38;2;255;46;66m▄␛[48;2;192;15;38m␛[38;2;255;0;19m▄␛[48;2;248;0;75m␛[38;2;217;0;58m▄␛[48;2;255;0;133m␛[38;2;188;0;76m▄␛[48;2;255;0;153m␛[38;2;74;0;55m▄␛[48;2;223;0;66m␛[38;2;148;0;85m▄␛[48;2;64;0;14m␛[38;2;21;0;12m▄␛[48;2;31;0;12m␛[38;2;62;0;40m▄␛[38;2;78;1;52m▄␛[48;2;40;0;10m␛[38;2;79;56;63m▄␛[48;2;66;0;52m␛[38;2;61;68;86m▄␛[48;2;25;13;10m␛[38;2;54;54;57m▄␛[48;2;0;0;0m␛[38;2;0;0;0m▄␛[48;2;99;56;94m␛[38;2;94;15;90m▄␛[48;2;66;64;69m␛[38;2;93;7;84m▄␛[48;2;115;136;54m␛[38;2;0;0;0m▄␛[48;2;0;0;0m␛[38;2;0;0;10m▄␛[48;2;0;122;182m␛[38;2;20;73;80m▄␛[48;2;231;70;24m␛[38;2;166;51;0m▄␛[48;2;152;92;0m␛[38;2;104;10;0m▄␛[48;2;124;4;0m␛[38;2;63;27;0m▄␛[0m
␛[48;2;202;0;49m␛[38;2;250;121;164m▄␛[48;2;235;26;162m␛[38;2;160;109;122m▄␛[48;2;54;25;42m␛[38;2;111;102;123m▄␛[48;2;30;30;33m␛[38;2;75;73;88m▄␛[48;2;56;56;75m␛[38;2;45;57;64m▄␛[48;2;184;92;165m␛[38;2;128;39;106m▄␛[48;2;204;102;169m␛[38;2;236;21;104m▄␛[48;2;255;84;78m␛[38;2;196;0;27m▄␛[48;2;236;48;50m␛[38;2;193;0;72m▄␛[48;2;181;6;15m␛[38;2;142;0;39m▄␛[48;2;58;2;46m␛[38;2;112;0;51m▄␛[48;2;0;0;0m␛[38;2;3;0;0m▄␛[48;2;182;9;105m␛[38;2;255;108;141m▄␛[48;2;229;98;206m␛[38;2;255;123;198m▄␛[48;2;162;85;136m␛[38;2;22;0;3m▄␛[48;2;75;74;100m␛[38;2;30;22;14m▄␛[48;2;56;12;60m␛[38;2;0;1;0m▄␛[48;2;136;0;50m␛[38;2;22;42;7m▄␛[48;2;142;0;50m␛[38;2;0;9;0m▄␛[48;2;163;0;16m␛[38;2;0;1;6m▄␛[48;2;241;0;48m␛[38;2;81;0;70m▄␛[48;2;217;0;153m␛[38;2;123;12;106m▄␛[48;2;97;0;56m␛[38;2;123;1;104m▄␛[48;2;2;0;6m␛[38;2;94;38;82m▄␛[48;2;0;0;0m␛[38;2;33;40;33m▄␛[48;2;44;25;44m␛[38;2;33;31;27m▄␛[48;2;51;39;55m␛[38;2;64;64;64m▄␛[48;2;102;72;108m␛[38;2;37;4;33m▄␛[48;2;52;42;72m␛[38;2;86;0;61m▄␛[48;2;44;16;45m␛[38;2;54;0;33m▄␛[48;2;1;0;2m␛[38;2;0;0;0m▄␛[48;2;0;0;10m␛[38;2;0;0;14m▄␛[48;2;122;0;67m␛[38;2;42;0;36m▄␛[48;2;15;0;1m␛[38;2;0;0;0m▄␛[48;2;0;0;0m▄␛[48;2;0;106;168m␛[38;2;0;138;204m▄␛[48;2;68;28;43m␛[38;2;163;73;45m▄␛[48;2;129;27;0m␛[38;2;172;76;15m▄␛[48;2;121;8;0m␛[38;2;90;21;13m▄␛[48;2;55;72;22m␛[38;2;0;0;0m▄␛[0m
␛[48;2;243;12;115m␛[38;2;255;0;75m▄␛[48;2;144;13;86m␛[38;2;255;0;88m▄␛[48;2;0;48;73m␛[38;2;0;0;0m▄␛[48;2;0;0;0m␛[38;2;6;0;0m▄␛[48;2;26;0;24m␛[38;2;0;0;0m▄␛[48;2;13;0;12m▄␛[48;2;32;0;28m␛[38;2;21;0;25m▄␛[48;2;145;0;78m␛[38;2;20;0;43m▄␛[48;2;93;0;97m␛[38;2;108;25;104m▄␛[48;2;148;18;168m␛[38;2;133;92;150m▄␛[48;2;199;58;193m␛[38;2;129;68;104m▄␛[48;2;60;38;60m␛[38;2;109;20;36m▄␛[48;2;255;99;140m␛[38;2;134;36;76m▄␛[48;2;255;51;148m␛[38;2;218;28;103m▄␛[48;2;0;0;0m␛[38;2;0;0;0m▄␛[48;2;4;36;4m␛[38;2;21;18;30m▄␛[48;2;98;88;27m␛[38;2;30;64;22m▄␛[48;2;105;102;31m␛[38;2;7;4;0m▄␛[48;2;4;39;20m␛[38;2;45;87;45m▄␛[48;2;36;74;54m␛[38;2;109;91;33m▄␛[48;2;33;58;49m␛[38;2;160;102;13m▄␛[48;2;37;44;52m␛[38;2;126;84;32m▄␛[48;2;51;39;58m␛[38;2;72;97;52m▄␛[48;2;24;20;36m␛[38;2;58;81;63m▄␛[48;2;24;32;28m␛[38;2;70;124;117m▄␛[48;2;68;68;62m␛[38;2;92;150;124m▄␛[48;2;72;58;52m␛[38;2;84;117;99m▄␛[48;2;44;46;37m␛[38;2;79;61;90m▄␛[48;2;176;42;145m␛[38;2;62;49;82m▄␛[48;2;54;31;63m␛[38;2;0;0;0m▄␛[48;2;0;0;0m▄␛[38;2;0;0;2m▄␛[38;2;0;0;0m▄▄␛[48;2;0;9;36m␛[38;2;0;25;57m▄␛[48;2;0;188;255m␛[38;2;0;130;235m▄␛[48;2;151;34;0m␛[38;2;52;22;8m▄␛[48;2;86;32;10m␛[38;2;28;31;0m▄␛[48;2;9;34;15m␛[38;2;50;49;0m▄␛[48;2;64;14;50m␛[38;2;37;38;9m▄␛[0m
␛[48;2;189;0;0m␛[38;2;115;0;14m▄␛[48;2;92;0;20m␛[38;2;102;0;48m▄␛[48;2;0;0;0m␛[38;2;0;0;0m▄␛[48;2;0;66;134m▄␛[48;2;16;0;0m␛[38;2;0;80;160m▄␛[48;2;0;0;0m␛[38;2;6;0;0m▄␛[48;2;21;0;21m␛[38;2;22;22;42m▄␛[48;2;33;26;45m␛[38;2;138;70;112m▄␛[48;2;93;90;103m␛[38;2;142;68;133m▄␛[48;2;0;0;0m␛[38;2;0;0;0m▄␛[48;2;124;26;38m▄␛[48;2;126;15;42m␛[38;2;174;60;94m▄␛[48;2;0;0;0m␛[38;2;0;0;0m▄␛[48;2;108;1;37m␛[38;2;124;97;80m▄␛[48;2;0;0;0m␛[38;2;243;243;182m▄␛[48;2;37;0;26m␛[38;2;63;61;73m▄␛[48;2;36;49;30m␛[38;2;49;87;67m▄␛[48;2;0;0;0m␛[38;2;0;9;0m▄␛[48;2;28;55;0m␛[38;2;88;111;88m▄␛[48;2;117;96;0m␛[38;2;148;127;92m▄␛[48;2;232;92;34m␛[38;2;255;116;98m▄␛[48;2;162;90;60m␛[38;2;118;122;139m▄␛[48;2;102;136;98m␛[38;2;133;115;60m▄␛[48;2;97;147;111m␛[38;2;90;144;61m▄␛[48;2;91;165;129m␛[38;2;87;126;33m▄␛[48;2;61;130;121m␛[38;2;42;61;42m▄␛[48;2;44;96;111m␛[38;2;115;21;81m▄␛[48;2;118;81;151m␛[38;2;211;44;90m▄␛[48;2;128;93;144m␛[38;2;30;24;14m▄␛[48;2;24;0;0m␛[38;2;188;92;124m▄␛[48;2;0;0;0m␛[38;2;0;0;0m▄␛[48;2;0;0;21m␛[38;2;0;34;46m▄␛[48;2;0;12;21m␛[38;2;0;63;57m▄␛[48;2;0;0;14m␛[38;2;12;94;108m▄␛[48;2;0;0;0m␛[38;2;0;44;76m▄␛[48;2;0;18;58m␛[38;2;0;9;19m▄␛[48;2;22;55;57m␛[38;2;46;13;0m▄␛[48;2;31;51;40m␛[38;2;60;1;0m▄␛[48;2;45;48;32m␛[38;2;0;0;0m▄␛[48;2;0;32;54m␛[38;2;0;43;52m▄␛[0m
␛[48;2;115;0;44m␛[38;2;16;12;6m▄␛[48;2;87;0;37m␛[38;2;13;0;22m▄␛[48;2;0;0;0m␛[38;2;0;0;0m▄▄␛[48;2;0;0;4m▄␛[48;2;0;190;255m␛[38;2;0;61;121m▄␛[48;2;76;90;147m␛[38;2;0;142;228m▄␛[48;2;144;92;128m␛[38;2;0;73;116m▄␛[48;2;124;84;116m␛[38;2;80;26;73m▄␛[48;2;18;10;0m␛[38;2;218;84;129m▄␛[48;2;120;121;60m␛[38;2;100;87;49m▄␛[48;2;132;99;76m␛[38;2;85;73;42m▄␛[48;2;44;21;0m␛[38;2;229;219;110m▄␛[48;2;67;63;38m␛[38;2;255;255;151m▄␛[48;2;255;255;182m␛[38;2;18;14;0m▄␛[48;2;69;86;91m␛[38;2;133;51;82m▄␛[48;2;66;106;82m␛[38;2;255;255;136m▄␛[48;2;42;61;62m␛[38;2;255;255;152m▄␛[48;2;136;174;54m␛[38;2;151;108;43m▄␛[48;2;45;42;7m␛[38;2;224;213;108m▄␛[48;2;226;54;0m␛[38;2;224;38;21m▄␛[48;2;0;94;163m␛[38;2;0;48;84m▄␛[48;2;186;62;9m␛[38;2;0;139;201m▄␛[48;2;182;48;0m␛[38;2;194;96;24m▄␛[48;2;100;98;0m␛[38;2;147;120;18m▄␛[48;2;50;67;0m␛[38;2;57;106;7m▄␛[48;2;68;0;42m␛[38;2;37;33;43m▄␛[48;2;213;75;103m␛[38;2;212;67;57m▄␛[48;2;255;255;153m␛[38;2;255;255;121m▄␛[48;2;141;93;49m␛[38;2;171;88;15m▄␛[48;2;19;86;78m␛[38;2;42;146;140m▄␛[48;2;0;73;73m␛[38;2;0;134;139m▄␛[48;2;1;118;118m␛[38;2;0;88;82m▄␛[48;2;14;94;100m␛[38;2;0;94;85m▄␛[48;2;19;97;96m␛[38;2;115;26;0m▄␛[48;2;64;26;14m␛[38;2;49;22;0m▄␛[48;2;0;0;0m␛[38;2;43;46;24m▄␛[38;2;78;75;12m▄␛[48;2;0;81;133m␛[38;2;0;44;60m▄␛[48;2;15;18;0m␛[38;2;24;20;7m▄␛[0m
␛[48;2;19;36;15m␛[38;2;73;98;73m▄␛[48;2;38;44;67m␛[38;2;105;80;115m▄␛[48;2;0;0;0m␛[38;2;0;0;0m▄▄▄␛[38;2;31;42;36m▄␛[38;2;19;38;45m▄␛[48;2;181;31;56m␛[38;2;195;73;90m▄␛[48;2;38;0;21m␛[38;2;48;0;2m▄␛[48;2;204;110;129m␛[38;2;182;78;81m▄␛[48;2;247;147;138m␛[38;2;190;73;98m▄␛[48;2;69;60;6m␛[38;2;0;0;0m▄␛[48;2;126;128;48m▄␛[48;2;189;192;92m␛[38;2;0;0;13m▄␛[48;2;0;0;0m␛[38;2;0;0;0m▄␛[48;2;85;39;30m␛[38;2;98;52;81m▄␛[48;2;255;240;96m␛[38;2;235;225;150m▄␛[48;2;255;253;98m␛[38;2;76;91;67m▄␛[48;2;229;151;40m␛[38;2;181;132;69m▄␛[48;2;72;58;19m␛[38;2;15;2;0m▄␛[48;2;138;69;38m␛[38;2;38;9;0m▄␛[48;2;0;0;0m␛[38;2;43;27;14m▄␛[48;2;0;126;216m␛[38;2;0;96;158m▄␛[48;2;0;129;147m␛[38;2;0;158;252m▄␛[48;2;19;80;16m␛[38;2;0;0;0m▄␛[48;2;0;0;3m␛[38;2;88;139;139m▄␛[48;2;165;21;120m␛[38;2;0;12;3m▄␛[48;2;182;28;48m␛[38;2;196;150;162m▄␛[48;2;86;91;124m␛[38;2;255;190;204m▄␛[48;2;70;43;24m␛[38;2;252;196;194m▄␛[48;2;123;187;184m␛[38;2;163;213;214m▄␛[48;2;134;208;201m␛[38;2;148;190;194m▄␛[48;2;99;126;132m␛[38;2;127;140;151m▄␛[48;2;97;133;145m␛[38;2;112;133;148m▄␛[48;2;38;44;57m␛[38;2;106;123;136m▄␛[48;2;49;37;6m␛[38;2;127;122;130m▄␛[48;2;188;180;73m␛[38;2;141;144;126m▄␛[48;2;189;189;73m␛[38;2;164;162;123m▄␛[48;2;36;10;19m␛[38;2;98;100;33m▄␛[48;2;20;36;0m␛[38;2;8;7;14m▄␛[0m
␛[48;2;42;56;56m␛[38;2;45;50;55m▄␛[48;2;66;30;50m␛[38;2;79;13;60m▄␛[48;2;142;62;74m␛[38;2;97;43;49m▄␛[48;2;24;0;0m␛[38;2;154;48;86m▄␛[48;2;0;0;0m␛[38;2;98;91;81m▄␛[48;2;255;254;111m␛[38;2;49;58;49m▄␛[48;2;76;102;138m␛[38;2;48;61;31m▄␛[48;2;81;51;32m␛[38;2;9;19;45m▄␛[48;2;28;0;0m␛[38;2;0;0;0m▄␛[48;2;42;74;147m␛[38;2;0;43;81m▄␛[48;2;201;49;64m␛[38;2;88;37;75m▄␛[48;2;24;0;15m␛[38;2;116;110;147m▄␛[48;2;0;0;0m␛[38;2;67;72;92m▄␛[38;2;0;39;108m▄␛[38;2;0;54;142m▄␛[48;2;138;102;144m␛[38;2;102;140;178m▄␛[48;2;0;0;0m␛[38;2;0;0;0m▄␛[38;2;0;0;12m▄␛[48;2;12;78;146m␛[38;2;133;196;218m▄␛[48;2;159;190;136m␛[38;2;108;178;176m▄␛[48;2;36;25;2m␛[38;2;0;0;0m▄␛[48;2;255;255;141m▄␛[48;2;0;0;0m▄␛[48;2;91;157;171m␛[38;2;105;171;181m▄␛[48;2;45;82;74m␛[38;2;104;175;159m▄␛[48;2;121;138;117m␛[38;2;68;105;97m▄␛[48;2;120;148;135m␛[38;2;160;162;126m▄␛[48;2;15;44;42m␛[38;2;115;124;97m▄␛[48;2;16;0;0m␛[38;2;0;0;0m▄␛[48;2;93;206;219m␛[38;2;97;211;207m▄␛[48;2;84;205;214m␛[38;2;108;244;241m▄␛[48;2;9;51;55m␛[38;2;0;0;0m▄␛[48;2;12;31;32m▄␛[48;2;33;64;91m␛[38;2;0;36;57m▄␛[48;2;40;73;123m␛[38;2;4;20;55m▄␛[48;2;34;48;84m␛[38;2;12;46;108m▄␛[48;2;51;58;51m␛[38;2;92;121;88m▄␛[48;2;142;166;128m␛[38;2;116;122;103m▄␛[48;2;156;138;138m␛[38;2;151;145;145m▄␛[48;2;160;75;154m␛[38;2;212;146;194m▄␛[0m
␛[48;2;0;7;0m␛[38;2;78;114;116m▄␛[48;2;24;43;58m␛[38;2;0;0;0m▄␛[48;2;39;61;72m␛[38;2;13;32;36m▄␛[48;2;55;99;110m␛[38;2;0;0;0m▄␛[48;2;55;98;108m␛[38;2;102;82;88m▄␛[48;2;18;31;70m␛[38;2;136;124;150m▄␛[48;2;0;0;0m␛[38;2;0;0;27m▄␛[48;2;0;33;51m␛[38;2;0;51;88m▄␛[48;2;7;30;40m␛[38;2;0;0;0m▄␛[48;2;0;98;104m␛[38;2;9;126;145m▄␛[48;2;74;111;157m␛[38;2;67;118;162m▄␛[48;2;129;163;231m␛[38;2;103;164;208m▄␛[48;2;90;128;165m␛[38;2;112;196;244m▄␛[48;2;0;40;108m␛[38;2;2;31;25m▄␛[48;2;0;50;66m␛[38;2;45;87;93m▄␛[48;2;0;96;105m␛[38;2;81;164;169m▄␛[48;2;0;99;85m␛[38;2;84;157;162m▄␛[48;2;7;84;183m␛[38;2;48;144;150m▄␛[48;2;61;135;124m␛[38;2;64;112;139m▄␛[48;2;0;0;0m␛[38;2;8;21;49m▄␛[38;2;0;0;0m▄␛[48;2;14;14;16m␛[38;2;244;246;104m▄␛[48;2;14;20;0m␛[38;2;52;49;4m▄␛[48;2;2;33;92m␛[38;2;49;88;133m▄␛[48;2;0;52;63m␛[38;2;90;147;122m▄␛[48;2;70;146;124m␛[38;2;226;217;136m▄␛[48;2;0;43;33m␛[38;2;54;78;94m▄␛[48;2;26;67;60m␛[38;2;68;122;120m▄␛[48;2;10;55;28m␛[38;2;80;80;105m▄␛[48;2;153;232;246m␛[38;2;228;255;255m▄␛[48;2;120;213;207m␛[38;2;148;170;174m▄␛[48;2;9;13;12m␛[38;2;147;148;151m▄␛[48;2;19;10;13m␛[38;2;117;109;104m▄␛[48;2;91;132;136m␛[38;2;132;126;128m▄␛[48;2;80;108;124m␛[38;2;226;255;255m▄␛[48;2;145;176;206m␛[38;2;165;210;226m▄␛[48;2;168;206;194m␛[38;2;109;190;170m▄␛[48;2;135;169;180m␛[38;2;111;164;169m▄␛[48;2;138;130;138m␛[38;2;104;88;120m▄␛[48;2;247;135;187m␛[38;2;210;51;122m▄␛[0m
␛[48;2;115;184;114m␛[38;2;170;214;168m▄␛[48;2;0;0;0m␛[38;2;181;204;182m▄␛[48;2;8;8;4m␛[38;2;253;253;188m▄␛[48;2;69;69;31m␛[38;2;134;121;96m▄␛[48;2;82;75;2m␛[38;2;129;142;158m▄␛[48;2;30;85;91m␛[38;2;73;82;94m▄␛[48;2;0;8;52m␛[38;2;49;64;62m▄␛[48;2;0;31;50m␛[38;2;123;206;207m▄␛[48;2;0;0;0m␛[38;2;139;234;238m▄␛[48;2;48;184;177m␛[38;2;145;235;241m▄␛[48;2;121;207;210m␛[38;2;183;183;194m▄␛[48;2;170;207;228m␛[38;2;136;194;229m▄␛[48;2;210;243;255m␛[38;2;153;189;202m▄␛[48;2;128;144;147m␛[38;2;64;72;85m▄␛[48;2;134;152;152m␛[38;2;22;45;45m▄␛[48;2;172;230;234m␛[38;2;114;223;219m▄␛[48;2;169;219;220m␛[38;2;138;230;230m▄␛[48;2;127;206;200m␛[38;2;73;116;127m▄␛[48;2;70;74;87m␛[38;2;133;172;182m▄␛[48;2;46;85;104m␛[38;2;55;58;62m▄␛[48;2;60;79;98m␛[38;2;121;120;117m▄␛[48;2;255;255;153m␛[38;2;255;255;234m▄␛[48;2;94;85;31m␛[38;2;151;151;122m▄␛[48;2;80;103;138m␛[38;2;74;99;138m▄␛[48;2;133;171;162m␛[38;2;98;150;146m▄␛[48;2;236;235;152m␛[38;2;174;193;241m▄␛[48;2;141;170;170m␛[38;2;141;176;168m▄␛[48;2;147;193;196m␛[38;2;160;214;225m▄␛[48;2;135;139;168m␛[38;2;82;98;102m▄␛[48;2;240;255;255m␛[38;2;150;202;212m▄␛[48;2;158;193;199m␛[38;2;164;160;160m▄␛[48;2;141;136;132m␛[38;2;153;140;136m▄␛[48;2;159;144;140m␛[38;2;141;132;127m▄␛[48;2;120;104;100m␛[38;2;105;102;94m▄␛[48;2;46;22;34m␛[38;2;25;156;75m▄␛[48;2;42;102;61m␛[38;2;0;159;49m▄␛[48;2;6;200;88m␛[38;2;0;174;45m▄␛[48;2;73;153;165m␛[38;2;97;120;159m▄␛[48;2;63;84;106m␛[38;2;70;81;106m▄␛[48;2;172;60;112m␛[38;2;112;76;126m▄␛[0m
␛[48;2;182;196;130m␛[38;2;123;26;0m▄␛[48;2;219;204;156m␛[38;2;217;46;20m▄␛[48;2;159;151;128m␛[38;2;15;6;1m▄␛[48;2;255;255;235m␛[38;2;36;55;69m▄␛[48;2;130;141;164m␛[38;2;14;27;38m▄␛[48;2;109;122;133m␛[38;2;0;0;0m▄␛[48;2;73;68;74m␛[38;2;0;2;12m▄␛[48;2;116;218;218m␛[38;2;13;48;57m▄␛[48;2;140;219;226m␛[38;2;26;37;55m▄␛[48;2;98;218;206m␛[38;2;130;201;198m▄␛[48;2;18;32;51m␛[38;2;0;0;2m▄␛[48;2;0;25;34m␛[38;2;20;54;92m▄␛[48;2;0;24;42m␛[38;2;0;51;70m▄␛[48;2;0;13;26m␛[38;2;0;4;15m▄␛[48;2;0;0;0m␛[38;2;0;0;0m▄␛[48;2;45;214;207m␛[38;2;123;238;240m▄␛[48;2;50;181;180m␛[38;2;94;190;193m▄␛[48;2;20;81;91m␛[38;2;4;82;86m▄␛[48;2;42;62;85m␛[38;2;58;140;166m▄␛[48;2;74;81;93m␛[38;2;42;103;122m▄␛[48;2;82;85;94m␛[38;2;50;63;92m▄␛[48;2;111;114;104m␛[38;2;0;0;0m▄␛[48;2;62;72;64m▄␛[48;2;80;138;138m␛[38;2;56;144;172m▄␛[48;2;104;216;211m␛[38;2;144;220;213m▄␛[48;2;68;116;126m␛[38;2;87;126;132m▄␛[48;2;74;99;109m␛[38;2;99;163;156m▄␛[48;2;142;194;217m␛[38;2;170;180;184m▄␛[48;2;151;206;206m␛[38;2;176;166;174m▄␛[48;2;190;182;182m␛[38;2;181;178;175m▄␛[48;2;176;158;160m␛[38;2;171;153;156m▄␛[48;2;156;151;146m␛[38;2;142;175;142m▄␛[48;2;82;92;81m␛[38;2;57;222;118m▄␛[48;2;79;207;128m␛[38;2;0;157;51m▄␛[48;2;0;162;51m␛[38;2;0;166;51m▄␛[48;2;0;166;56m␛[38;2;0;157;39m▄␛[48;2;0;160;58m␛[38;2;0;114;64m▄␛[48;2;165;154;188m␛[38;2;106;116;141m▄␛[48;2;106;126;140m␛[38;2;60;98;108m▄␛[48;2;102;86;132m␛[38;2;66;96;108m▄␛[0m
␛[48;2;204;10;0m␛[38;2;205;109;74m▄␛[48;2;193;70;28m␛[38;2;146;158;135m▄␛[48;2;0;0;0m␛[38;2;150;169;123m▄␛[48;2;76;111;110m␛[38;2;117;146;121m▄␛[48;2;0;21;31m␛[38;2;30;37;24m▄␛[48;2;0;15;34m␛[38;2;16;10;15m▄␛[48;2;75;123;142m␛[38;2;198;243;243m▄␛[48;2;84;133;145m␛[38;2;158;207;220m▄␛[48;2;19;38;50m␛[38;2;193;235;238m▄␛[48;2;16;61;57m␛[38;2;136;156;159m▄␛[48;2;21;46;62m␛[38;2;163;199;211m▄␛[48;2;54;99;132m␛[38;2;117;169;207m▄␛[48;2;0;55;102m␛[38;2;40;91;121m▄␛[48;2;2;44;66m␛[38;2;64;97;122m▄␛[48;2;0;0;0m␛[38;2;0;8;6m▄␛[48;2;121;242;232m␛[38;2;69;171;166m▄␛[48;2;68;174;175m␛[38;2;163;248;255m▄␛[48;2;120;235;236m␛[38;2;182;255;255m▄␛[48;2;0;104;133m␛[38;2;22;105;130m▄␛[48;2;42;72;91m␛[38;2;63;146;169m▄␛[48;2;36;148;183m␛[38;2;102;150;169m▄␛[48;2;63;150;194m␛[38;2;66;66;87m▄␛[48;2;104;177;213m␛[38;2;74;99;105m▄␛[48;2;67;124;150m␛[38;2;52;69;78m▄␛[48;2;187;236;246m␛[38;2;72;79;72m▄␛[48;2;158;165;158m␛[38;2;151;147;148m▄␛[48;2;186;186;186m␛[38;2;204;204;204m▄␛[48;2;216;212;213m␛[38;2;210;206;207m▄␛[48;2;204;200;201m␛[38;2;202;199;200m▄␛[48;2;201;192;187m␛[38;2;32;186;98m▄␛[48;2;21;109;51m␛[38;2;0;147;46m▄␛[48;2;4;177;81m␛[38;2;0;104;80m▄␛[48;2;0;162;48m␛[38;2;0;12;67m▄␛[48;2;0;132;78m␛[38;2;0;121;54m▄␛[48;2;94;0;60m␛[38;2;3;55;38m▄␛[48;2;0;140;50m␛[38;2;0;146;44m▄␛[48;2;100;146;174m␛[38;2;134;117;165m▄␛[48;2;69;114;124m␛[38;2;82;117;116m▄␛[48;2;82;114;139m␛[38;2;56;79;78m▄␛[48;2;80;75;109m␛[38;2;78;55;80m▄␛[0m
␛[48;2;129;133;114m␛[38;2;102;141;128m▄␛[48;2;116;147;96m␛[38;2;133;158;150m▄␛[48;2;146;177;158m␛[38;2;153;165;147m▄␛[48;2;184;231;216m␛[38;2;2;14;0m▄␛[48;2;64;55;50m␛[38;2;121;111;106m▄␛[48;2;130;121;116m␛[38;2;92;82;78m▄␛[48;2;87;72;62m␛[38;2;133;117;114m▄␛[48;2;168;160;168m␛[38;2;175;156;158m▄␛[48;2;174;176;182m␛[38;2;205;196;195m▄␛[48;2;39;67;67m␛[38;2;175;172;169m▄␛[48;2;126;163;157m␛[38;2;184;181;182m▄␛[48;2;133;165;168m␛[38;2;220;217;218m▄␛[48;2;162;194;194m␛[38;2;211;207;208m▄␛[48;2;110;151;151m␛[38;2;134;132;128m▄␛[48;2;99;147;142m␛[38;2;211;199;199m▄␛[48;2;158;194;194m␛[38;2;188;176;176m▄␛[48;2;183;241;244m␛[38;2;168;150;152m▄␛[48;2;172;218;225m␛[38;2;18;34;40m▄␛[48;2;133;162;188m␛[38;2;160;194;207m▄␛[48;2;115;152;169m␛[38;2;163;187;200m▄␛[48;2;122;144;154m␛[38;2;163;186;196m▄␛[48;2;139;148;156m␛[38;2;171;177;187m▄␛[48;2;36;37;37m␛[38;2;69;60;48m▄␛[48;2;76;61;57m␛[38;2;148;133;129m▄␛[48;2;159;154;152m␛[38;2;168;158;148m▄␛[48;2;182;177;172m␛[38;2;133;116;110m▄␛[48;2;192;178;175m␛[38;2;22;104;55m▄␛[48;2;192;196;190m␛[38;2;0;198;76m▄␛[48;2;0;205;84m␛[38;2;0;114;21m▄␛[48;2;0;121;39m␛[38;2;0;49;0m▄␛[48;2;0;91;97m␛[38;2;0;93;63m▄␛[48;2;0;31;48m␛[38;2;0;111;49m▄␛[48;2;0;0;61m␛[38;2;0;130;33m▄␛[48;2;0;111;62m␛[38;2;0;126;36m▄␛[48;2;0;138;32m␛[38;2;0;127;40m▄␛[48;2;0;128;50m␛[38;2;0;116;54m▄␛[48;2;104;92;133m␛[38;2;67;44;88m▄␛[48;2;37;25;44m␛[38;2;151;39;110m▄␛[48;2;28;0;28m␛[38;2;195;26;76m▄␛[48;2;7;0;4m␛[38;2;206;1;129m▄␛[0m
␛[48;2;68;110;87m␛[38;2;49;62;46m▄␛[48;2;0;97;3m␛[38;2;55;88;70m▄␛[48;2;0;160;69m␛[38;2;0;81;2m▄␛[48;2;0;31;0m␛[38;2;0;79;0m▄␛[48;2;102;92;87m␛[38;2;0;97;7m▄␛[48;2;92;82;78m␛[38;2;0;163;54m▄␛[48;2;162;146;142m␛[38;2;0;138;54m▄␛[48;2;100;81;84m␛[38;2;0;66;6m▄␛[48;2;196;188;187m␛[38;2;145;152;136m▄␛[48;2;174;171;168m␛[38;2;199;186;182m▄␛[48;2;206;202;204m␛[38;2;188;176;176m▄␛[48;2;220;217;218m␛[38;2;205;196;195m▄␛[48;2;200;196;198m␛[38;2;195;193;189m▄␛[48;2;174;156;158m␛[38;2;172;164;163m▄␛[48;2;170;158;158m␛[38;2;165;150;146m▄␛[48;2;200;188;188m␛[38;2;130;114;109m▄␛[48;2;111;93;96m␛[38;2;106;91;87m▄␛[48;2;154;133;126m␛[38;2;144;128;124m▄␛[48;2;129;110;116m␛[38;2;133;117;114m▄␛[48;2;195;214;224m␛[38;2;51;54;60m▄␛[48;2;178;204;216m␛[38;2;91;108;112m▄␛[48;2;111;91;97m␛[38;2;102;92;88m▄␛[48;2;128;110;112m␛[38;2;93;78;74m▄␛[48;2;129;114;110m␛[38;2;32;54;27m▄␛[48;2;126;114;106m␛[38;2;0;168;52m▄␛[48;2;19;171;76m␛[38;2;0;94;25m▄␛[48;2;0;117;21m␛[38;2;72;97;26m▄␛[48;2;0;104;33m␛[38;2;16;90;0m▄␛[48;2;0;84;0m␛[38;2;0;79;28m▄␛[48;2;0;104;26m␛[38;2;0;97;139m▄␛[48;2;0;55;43m␛[38;2;9;13;98m▄␛[48;2;0;67;28m␛[38;2;87;80;93m▄␛[48;2;45;117;88m␛[38;2;0;98;18m▄␛[48;2;0;115;32m␛[38;2;0;109;25m▄␛[48;2;0;120;36m␛[38;2;0;114;24m▄␛[48;2;0;62;20m␛[38;2;98;133;135m▄␛[48;2;123;99;132m␛[38;2;130;109;157m▄␛[48;2;249;116;157m␛[38;2;180;87;118m▄␛[48;2;234;86;100m␛[38;2;210;72;111m▄␛[48;2;211;76;90m␛[38;2;90;22;68m▄␛[0m
␛[48;2;33;31;24m␛[38;2;0;0;0m▄␛[48;2;84;92;68m␛[38;2;62;58;24m▄␛[48;2;98;102;100m␛[38;2;32;34;19m▄␛[48;2;0;73;8m␛[38;2;14;27;4m▄␛[48;2;0;76;6m␛[38;2;0;60;6m▄␛[38;2;0;73;0m▄␛[48;2;0;75;4m␛[38;2;0;70;3m▄␛[48;2;0;81;0m␛[38;2;0;74;0m▄␛[48;2;0;121;28m▄␛[48;2;0;154;51m␛[38;2;0;78;3m▄␛[48;2;0;135;51m␛[38;2;0;72;7m▄␛[48;2;0;91;45m␛[38;2;0;70;0m▄␛[48;2;138;140;126m␛[38;2;0;117;25m▄␛[48;2;171;153;156m␛[38;2;0;154;57m▄␛[48;2;124;111;108m␛[38;2;0;134;52m▄␛[48;2;121;115;106m␛[38;2;0;45;6m▄␛[48;2;91;75;72m␛[38;2;72;68;56m▄␛[48;2;115;97;99m␛[38;2;80;70;69m▄␛[48;2;111;97;97m␛[38;2;129;116;114m▄␛[48;2;80;75;81m␛[38;2;40;28;22m▄␛[48;2;87;84;80m␛[38;2;79;69;66m▄␛[48;2;58;49;42m␛[38;2;0;56;9m▄␛[48;2;0;27;0m␛[38;2;0;57;0m▄␛[48;2;0;158;64m␛[38;2;0;78;9m▄␛[48;2;0;94;6m␛[38;2;45;16;0m▄␛[48;2;124;94;0m␛[38;2;135;52;2m▄␛[48;2;99;70;0m␛[38;2;39;72;0m▄␛[48;2;0;84;3m␛[38;2;0;79;7m▄␛[48;2;0;24;88m␛[38;2;0;15;0m▄␛[48;2;0;48;73m␛[38;2;2;62;57m▄␛[48;2;122;0;0m␛[38;2;92;0;6m▄␛[48;2;170;7;0m␛[38;2;163;13;2m▄␛[48;2;13;24;0m␛[38;2;0;93;12m▄␛[48;2;0;100;21m␛[38;2;0;75;26m▄␛[48;2;0;109;24m␛[38;2;255;90;123m▄␛[48;2;151;92;140m␛[38;2;255;40;91m▄␛[48;2;126;55;120m␛[38;2;120;0;70m▄␛[48;2;114;7;94m␛[38;2;44;0;57m▄␛[48;2;76;3;34m␛[38;2;118;0;58m▄␛[48;2;79;0;54m␛[38;2;62;0;21m▄␛[0m
␛[48;2;0;0;0m␛[38;2;0;0;0m▄␛[48;2;51;28;0m␛[38;2;44;34;0m▄␛[48;2;114;50;0m␛[38;2;128;54;0m▄␛[48;2;99;48;3m␛[38;2;194;73;37m▄␛[48;2;133;94;75m␛[38;2;204;104;76m▄␛[48;2;0;26;0m␛[38;2;108;123;114m▄␛[48;2;0;63;2m␛[38;2;19;69;60m▄␛[48;2;0;66;6m␛[38;2;0;62;8m▄␛[48;2;0;62;4m␛[38;2;0;44;0m▄␛[48;2;0;36;0m␛[38;2;0;40;0m▄␛[48;2;0;78;24m␛[38;2;0;51;1m▄␛[48;2;0;92;34m␛[38;2;1;32;1m▄␛[48;2;0;28;0m␛[38;2;0;90;34m▄␛[48;2;0;64;1m␛[38;2;0;51;0m▄␛[48;2;0;63;2m␛[38;2;0;62;4m▄␛[48;2;0;74;0m▄␛[48;2;0;120;43m␛[38;2;0;57;6m▄␛[48;2;0;90;32m␛[38;2;0;37;0m▄␛[48;2;0;34;0m␛[38;2;0;81;18m▄␛[48;2;0;51;7m␛[38;2;0;72;0m▄␛[48;2;0;138;61m␛[38;2;0;91;14m▄␛[48;2;0;94;8m␛[38;2;0;92;15m▄␛[48;2;0;32;0m␛[38;2;0;64;3m▄␛[48;2;0;79;2m▄␛[48;2;22;13;0m␛[38;2;0;69;0m▄␛[48;2;2;19;0m␛[38;2;0;72;0m▄␛[48;2;62;22;0m␛[38;2;0;7;0m▄␛[48;2;174;13;0m␛[38;2;151;0;0m▄␛[48;2;175;12;0m␛[38;2;136;0;0m▄␛[48;2;184;0;0m␛[38;2;124;86;78m▄␛[48;2;40;68;68m␛[38;2;0;45;0m▄␛[48;2;0;33;0m␛[38;2;160;27;7m▄␛[48;2;75;43;39m␛[38;2;217;0;0m▄␛[48;2;255;44;171m␛[38;2;255;0;94m▄␛[48;2;255;19;109m␛[38;2;255;0;56m▄␛[48;2;255;0;67m␛[38;2;255;0;20m▄␛[48;2;255;0;33m␛[38;2;255;0;91m▄␛[48;2;134;0;51m␛[38;2;255;0;88m▄␛[48;2;181;0;92m␛[38;2;232;0;111m▄␛[48;2;14;0;1m␛[38;2;176;0;72m▄␛[0m
␛[48;2;6;0;15m␛[38;2;21;48;0m▄␛[48;2;67;57;7m␛[38;2;36;0;30m▄␛[48;2;121;110;27m␛[38;2;22;42;3m▄␛[48;2;132;97;54m␛[38;2;18;21;2m▄␛[48;2;187;66;45m␛[38;2;20;20;13m▄␛[48;2;98;75;68m␛[38;2;90;22;16m▄␛[48;2;52;68;88m␛[38;2;52;13;32m▄␛[48;2;195;86;116m␛[38;2;181;4;52m▄␛[48;2;0;60;4m␛[38;2;105;15;34m▄␛[48;2;0;43;3m␛[38;2;177;50;85m▄␛[48;2;62;38;24m␛[38;2;36;0;0m▄␛[48;2;85;31;24m␛[38;2;0;6;0m▄␛[48;2;48;31;12m␛[38;2;30;43;16m▄␛[48;2;0;70;24m␛[38;2;39;24;4m▄␛[48;2;0;66;14m␛[38;2;0;32;0m▄␛[48;2;0;42;0m␛[38;2;0;52;8m▄␛[48;2;0;60;10m␛[38;2;0;50;10m▄␛[48;2;0;26;0m␛[38;2;0;51;9m▄␛[48;2;0;27;10m␛[38;2;0;3;0m▄␛[48;2;0;49;13m␛[38;2;0;33;19m▄␛[48;2;0;64;7m␛[38;2;0;56;6m▄␛[48;2;0;100;18m␛[38;2;0;84;9m▄␛[48;2;0;74;6m␛[38;2;0;92;15m▄␛[48;2;0;31;0m␛[38;2;0;32;0m▄␛[48;2;0;66;4m␛[38;2;0;57;6m▄␛[38;2;0;58;7m▄␛[48;2;0;64;6m␛[38;2;0;60;4m▄␛[48;2;0;67;9m␛[38;2;0;61;6m▄␛[48;2;0;67;0m␛[38;2;32;40;8m▄␛[48;2;0;50;0m␛[38;2;146;22;60m▄␛[48;2;54;31;36m␛[38;2;54;0;42m▄␛[48;2;108;0;61m␛[38;2;20;0;7m▄␛[48;2;98;0;48m␛[38;2;123;0;33m▄␛[48;2;255;0;8m␛[38;2;127;0;50m▄␛[48;2;255;0;91m␛[38;2;206;0;66m▄␛[48;2;248;0;75m␛[38;2;211;0;78m▄␛[48;2;255;0;38m␛[38;2;255;0;93m▄␛[48;2;255;0;16m␛[38;2;255;0;0m▄␛[48;2;224;0;66m␛[38;2;255;0;37m▄␛[48;2;226;0;86m␛[38;2;255;0;55m▄␛[0m
␛[48;2;0;0;0m␛[38;2;10;33;0m▄␛[48;2;18;28;0m␛[38;2;50;69;0m▄␛[48;2;12;8;0m␛[38;2;144;22;0m▄␛[48;2;0;0;0m␛[38;2;88;46;0m▄␛[48;2;36;10;0m␛[38;2;36;43;0m▄␛[48;2;40;49;0m␛[38;2;27;44;0m▄␛[48;2;24;18;4m␛[38;2;0;0;0m▄␛[48;2;34;0;25m␛[38;2;4;2;0m▄␛[48;2;66;0;38m␛[38;2;0;0;0m▄␛[48;2;122;0;62m␛[38;2;46;0;20m▄␛[48;2;246;0;60m␛[38;2;91;0;37m▄␛[48;2;255;0;49m␛[38;2;120;0;79m▄␛[48;2;75;18;69m␛[38;2;38;0;38m▄␛[48;2;0;25;3m␛[38;2;10;0;18m▄␛[48;2;0;43;14m␛[38;2;30;50;18m▄␛[48;2;0;44;15m␛[38;2;44;37;24m▄␛[48;2;0;44;9m␛[38;2;0;34;0m▄␛[48;2;0;45;16m␛[38;2;0;34;18m▄␛[48;2;0;44;15m␛[38;2;0;36;13m▄␛[48;2;1;27;14m␛[38;2;0;26;7m▄␛[48;2;0;32;12m␛[38;2;0;26;13m▄␛[48;2;0;63;3m␛[38;2;0;40;13m▄␛[48;2;0;98;16m␛[38;2;0;78;7m▄␛[48;2;0;67;6m␛[38;2;0;73;1m▄␛[48;2;0;45;7m␛[38;2;0;10;0m▄␛[48;2;0;51;9m␛[38;2;4;24;28m▄␛[48;2;0;48;8m␛[38;2;42;22;36m▄␛[48;2;52;61;37m␛[38;2;94;40;18m▄␛[48;2;202;36;13m␛[38;2;188;45;0m▄␛[48;2;195;1;0m␛[38;2;184;0;0m▄␛[48;2;67;0;0m␛[38;2;67;25;0m▄␛[48;2;0;0;1m␛[38;2;27;0;0m▄␛[48;2;34;0;30m␛[38;2;68;0;3m▄␛[48;2;67;0;44m␛[38;2;74;0;31m▄␛[48;2;116;0;70m␛[38;2;122;0;54m▄␛[48;2;172;0;0m␛[38;2;193;0;28m▄␛[48;2;255;0;30m␛[38;2;248;0;14m▄␛[48;2;255;0;4m␛[38;2;255;0;34m▄␛[48;2;255;0;73m␛[38;2;255;0;80m▄␛[48;2;255;0;31m␛[38;2;208;0;22m▄␛[0m
␛[48;2;30;70;0m␛[38;2;36;74;0m▄␛[48;2;138;112;0m␛[38;2;36;72;0m▄␛[48;2;187;26;0m␛[38;2;0;0;0m▄␛[48;2;64;22;0m␛[38;2;19;30;0m▄␛[48;2;56;4;0m␛[38;2;0;0;0m▄␛[48;2;21;26;0m▄␛[48;2;0;0;0m▄␛[38;2;9;0;13m▄␛[48;2;19;4;0m␛[38;2;0;0;0m▄␛[48;2;0;0;0m␛[38;2;25;0;0m▄␛[48;2;7;15;0m␛[38;2;61;0;0m▄␛[48;2;12;9;3m␛[38;2;70;103;0m▄␛[48;2;55;0;24m␛[38;2;30;39;0m▄␛[48;2;26;0;26m␛[38;2;55;82;0m▄␛[48;2;39;58;0m␛[38;2;33;62;0m▄␛[48;2;62;104;12m␛[38;2;18;27;0m▄␛[48;2;66;37;8m␛[38;2;0;13;0m▄␛[48;2;36;26;22m␛[38;2;7;7;7m▄␛[48;2;51;33;62m␛[38;2;36;20;37m▄␛[48;2;0;18;18m␛[38;2;114;37;88m▄␛[48;2;0;18;0m␛[38;2;153;51;114m▄␛[48;2;0;27;16m␛[38;2;156;64;96m▄␛[48;2;0;49;12m␛[38;2;166;74;120m▄␛[48;2;0;74;3m␛[38;2;231;39;116m▄␛[48;2;130;48;58m␛[38;2;204;62;92m▄␛[48;2;122;43;81m␛[38;2;67;30;39m▄␛[48;2;78;33;63m␛[38;2;163;46;56m▄␛[48;2;236;2;85m␛[38;2;255;30;90m▄␛[48;2;255;0;40m␛[38;2;255;34;102m▄␛[48;2;252;0;21m␛[38;2;255;0;20m▄␛[48;2;105;36;15m␛[38;2;116;37;0m▄␛[48;2;116;0;30m␛[38;2;0;0;0m▄␛[48;2;73;0;27m▄␛[48;2;55;0;19m▄␛[48;2;81;0;0m␛[38;2;13;0;0m▄␛[48;2;181;0;4m␛[38;2;226;0;51m▄␛[48;2;255;0;57m␛[38;2;255;0;115m▄␛[48;2;255;0;15m␛[38;2;206;0;30m▄␛[48;2;100;0;10m␛[38;2;183;0;70m▄␛[48;2;196;0;33m␛[38;2;138;0;39m▄␛[0m
