[38;2;2;2;2;48;2;1;1;1m▄[38;2;3;3;3;48;2;0;1;0m▄[38;2;5;3;8;48;2;3;1;4m▄[38;2;1;0;0;48;2;2;1;0m▄[38;2;2;1;10;48;2;2;1;4m▄[38;2;67;61;46;48;2;85;81;79m▄[38;2;78;71;36;48;2;69;67;63m▄[38;2;215;208;159;48;2;3;1;3m▄[38;2;225;220;168;48;2;5;3;6m▄[38;2;241;236;184;48;2;2;1;4m▄[38;2;233;229;173;48;2;3;2;4m▄[38;2;237;229;180;48;2;1;1;3m▄[38;2;235;230;181;48;2;1;0;4m▄[38;2;233;230;186;48;2;1;0;4m▄[38;2;246;245;202;48;2;10;10;13m▄[38;2;237;234;203;48;2;16;16;14m▄[38;2;151;147;130;48;2;3;5;3m▄[38;2;141;135;116;48;2;48;47;43m▄[38;2;53;48;21;48;2;71;67;60m▄[38;2;74;73;62;48;2;3;2;4m▄[38;2;0;3;2;48;2;3;1;1m▄[38;2;1;2;0;48;2;1;1;0m▄[48;2;0;0;0m  [48;2;1;1;1m [m
[38;2;3;3;6;48;2;3;3;3m▄[38;2;2;2;2;48;2;3;3;4m▄[38;2;1;1;0;48;2;5;3;7m▄[38;2;82;84;64;48;2;133;133;125m▄[38;2;69;55;21;48;2;124;119;100m▄[38;2;224;206;156;48;2;121;109;76m▄[38;2;229;211;150;48;2;143;127;81m▄[38;2;254;238;176;48;2;227;211;157m▄[38;2;245;230;167;48;2;239;224;165m▄[38;2;241;226;161;48;2;248;235;174m▄[38;2;246;233;161;48;2;249;237;171m▄[38;2;245;236;160;48;2;248;235;166m▄[38;2;245;235;164;48;2;244;233;167m▄[38;2;244;233;169;48;2;244;235;176m▄[38;2;247;235;176;48;2;245;238;184m▄[38;2;242;232;181;48;2;243;237;191m▄[38;2;250;243;190;48;2;236;228;195m▄[38;2;246;239;193;48;2;194;186;156m▄[38;2;244;239;200;48;2;122;113;80m▄[38;2;91;81;47;48;2;128;123;101m▄[38;2;54;42;27;48;2;106;103;104m▄[38;2;2;2;4;48;2;0;0;5m▄[48;2;0;0;0m  [48;2;1;1;1m [m
[38;2;2;3;3;48;2;5;3;6m▄[38;2;87;85;70;48;2;5;5;4m▄[38;2;54;47;3;48;2;4;1;14m▄[38;2;181;168;123;48;2;116;111;87m▄[38;2;221;209;149;48;2;95;83;32m▄[38;2;243;229;164;48;2;222;205;144m▄[38;2;244;228;167;48;2;242;225;157m▄[38;2;241;224;161;48;2;251;231;167m▄[38;2;248;230;167;48;2;251;233;169m▄[38;2;243;227;168;48;2;240;224;162m▄[38;2;246;235;179;48;2;245;231;168m▄[38;2;242;234;169;48;2;244;234;163m▄[38;2;243;234;167;48;2;244;234;164m▄[38;2;241;231;162;48;2;247;234;168m▄[38;2;252;239;169;48;2;243;229;166m▄[38;2;255;237;169;48;2;247;232;175m▄[38;2;243;226;160;48;2;247;236;180m▄[38;2;241;226;170;48;2;251;240;190m▄[38;2;250;239;186;48;2;248;237;193m▄[38;2;237;227;170;48;2;125;114;69m▄[38;2;248;238;181;48;2;86;77;40m▄[38;2;59;50;2;48;2;10;6;5m▄[38;2;55;58;31;48;2;1;0;1m▄[38;2;3;0;14;48;2;5;4;5m▄[38;2;1;0;0;48;2;3;3;3m▄[m
[38;2;47;31;3;48;2;11;8;11m▄[38;2;141;122;82;48;2;107;98;83m▄[38;2;229;211;161;48;2;129;119;69m▄[38;2;244;230;157;48;2;190;181;123m▄[38;2;238;224;158;48;2;231;218;152m▄[38;2;251;245;176;48;2;243;233;165m▄[38;2;247;238;178;48;2;248;239;179m▄[38;2;247;233;175;48;2;240;224;164m▄[38;2;205;186;134;48;2;230;212;154m▄[38;2;118;98;56;48;2;194;176;128m▄[38;2;207;197;160;48;2;215;207;162m▄[38;2;250;241;202;48;2;237;231;182m▄[38;2;241;232;184;48;2;237;228;174m▄[38;2;246;234;177;48;2;246;235;173m▄[38;2;243;227;163;48;2;244;232;163m▄[38;2;227;207;151;48;2;250;231;164m▄[38;2;119;94;45;48;2;217;195;131m▄[38;2;189;173;136;48;2;238;222;170m▄[38;2;254;247;219;48;2;249;241;195m▄[38;2;244;237;195;48;2;246;238;185m▄[38;2;244;238;177;48;2;229;220;163m▄[38;2;242;234;180;48;2;139;127;78m▄[38;2;236;223;180;48;2;121;120;83m▄[38;2;50;39;3;48;2;13;10;6m▄[38;2;57;51;37;48;2;7;7;5m▄[m
[38;2;57;46;6;48;2;62;50;14m▄[38;2;136;117;67;48;2;132;113;67m▄[38;2;227;206;139;48;2;239;218;153m▄[38;2;247;227;160;48;2;243;222;157m▄[38;2;239;227;169;48;2;246;235;176m▄[38;2;254;245;196;48;2;245;238;183m▄[38;2;251;238;195;48;2;252;241;190m▄[38;2;239;224;173;48;2;247;236;181m▄[38;2;186;169;118;48;2;187;172;120m▄[38;2;67;46;1;48;2;91;70;27m▄[38;2;99;81;31;48;2;142;123;81m▄[38;2;120;103;48;48;2;168;152;106m▄[38;2;230;216;156;48;2;233;221;166m▄[38;2;243;229;165;48;2;242;229;166m▄[38;2;241;224;157;48;2;245;225;162m▄[38;2;211;190;137;48;2;212;191;134m▄[38;2;74;52;5;48;2;81;58;17m▄[38;2;94;77;26;48;2;128;111;72m▄[38;2;114;100;43;48;2;163;152;110m▄[38;2;218;209;147;48;2;228;219;169m▄[38;2;247;231;174;48;2;250;235;185m▄[38;2;245;231;185;48;2;248;234;185m▄[38;2;229;214;168;48;2;229;217;172m▄[38;2;62;48;11;48;2;60;50;13m▄[38;2;58;50;33;48;2;58;51;36m▄[m
[38;2;63;56;29;48;2;65;54;13m▄[38;2;118;104;68;48;2;130;110;65m▄[38;2;209;188;129;48;2;210;189;123m▄[38;2;222;201;137;48;2;223;203;134m▄[38;2;229;212;152;48;2;225;211;150m▄[38;2;246;233;175;48;2;252;242;189m▄[38;2;252;237;180;48;2;249;234;188m▄[38;2;247;227;170;48;2;247;228;175m▄[38;2;247;229;168;48;2;234;214;159m▄[38;2;243;226;165;48;2;219;200;144m▄[38;2;237;220;157;48;2;227;209;149m▄[38;2;246;230;165;48;2;228;215;153m▄[38;2;246;227;165;48;2;245;230;170m▄[38;2;249;228;168;48;2;249;230;169m▄[38;2;250;229;168;48;2;249;230;163m▄[38;2;251;235;171;48;2;238;218;160m▄[38;2;251;230;170;48;2;224;207;152m▄[38;2;245;229;165;48;2;221;207;150m▄[38;2;245;233;166;48;2;228;213;149m▄[38;2;243;233;165;48;2;238;229;159m▄[38;2;245;236;176;48;2;242;231;166m▄[38;2;250;243;188;48;2;249;237;183m▄[38;2;216;202;171;48;2;238;217;173m▄[38;2;57;46;25;48;2;70;51;13m▄[38;2;61;54;47;48;2;57;47;29m▄[m
[38;2;5;6;5;48;2;4;0;6m▄[38;2;99;94;79;48;2;95;85;71m▄[38;2;72;66;41;48;2;85;66;23m▄[38;2;166;144;99;48;2;170;149;91m▄[38;2;185;164;112;48;2;203;183;125m▄[38;2;221;200;140;48;2;228;210;150m▄[38;2;228;208;143;48;2;226;209;146m▄[38;2;247;228;161;48;2;250;230;167m▄[38;2;239;224;155;48;2;251;233;170m▄[38;2;247;235;167;48;2;240;225;161m▄[38;2;195;182;114;48;2;191;176;111m▄[38;2;172;153;87;48;2;168;149;83m▄[38;2;225;204;139;48;2;221;200;137m▄[38;2;234;214;149;48;2;227;206;144m▄[38;2;233;217;151;48;2;234;214;153m▄[38;2;214;199;139;48;2;213;197;134m▄[38;2;170;153;84;48;2;162;141;76m▄[38;2;213;193;122;48;2;209;191;122m▄[38;2;245;226;158;48;2;247;233;160m▄[38;2;214;199;141;48;2;225;215;144m▄[38;2;214;199;170;48;2;215;205;154m▄[38;2;73;62;54;48;2;64;55;13m▄[38;2;68;69;63;48;2;53;51;36m▄[38;2;5;5;4;48;2;5;4;1m▄[38;2;1;0;2;48;2;1;1;2m▄[m
[38;2;0;0;0;48;2;3;2;6m▄[38;2;1;1;1;48;2;3;1;2m▄[38;2;1;1;1;48;2;1;4;14m▄[38;2;117;117;117;48;2;105;82;69m▄[38;2;105;102;83;48;2;64;44;1m▄[38;2;155;140;96;48;2;195;172;116m▄[38;2;174;152;102;48;2;213;192;128m▄[38;2;210;197;124;48;2;227;208;138m▄[38;2;215;203;129;48;2;222;207;134m▄[38;2;222;207;138;48;2;232;219;149m▄[38;2;233;218;149;48;2;243;230;162m▄[38;2;229;218;147;48;2;248;228;164m▄[38;2;228;215;144;48;2;250;229;164m▄[38;2;234;215;150;48;2;247;230;161m▄[38;2;235;213;156;48;2;247;235;163m▄[38;2;244;225;148;48;2;249;234;169m▄[38;2;236;219;147;48;2;240;224;155m▄[38;2;206;192;130;48;2;233;213;148m▄[38;2;180;168;118;48;2;230;209;156m▄[38;2;115;104;70;48;2;96;76;34m▄[38;2;104;102;81;48;2;70;57;40m▄[38;2;7;1;4;48;2;1;0;7m▄[38;2;0;0;0;48;2;2;1;0m▄[48;2;0;0;0m [38;2;1;1;1;48;2;2;2;1m▄[m
[48;2;1;1;1m [38;2;1;1;1;48;2;4;4;4m▄[38;2;5;5;5;48;2;0;0;0m▄[48;2;1;1;1m [38;2;6;7;3;48;2;6;4;8m▄[38;2;63;55;19;48;2;74;62;28m▄[38;2;89;70;22;48;2;87;67;15m▄[38;2;212;194;130;48;2;201;187;117m▄[38;2;222;204;138;48;2;197;182;113m▄[38;2;231;216;149;48;2;195;180;113m▄[38;2;231;216;149;48;2;204;189;121m▄[38;2;228;215;148;48;2;201;188;118m▄[38;2;222;207;138;48;2;204;191;119m▄[38;2;217;203;129;48;2;205;189;118m▄[38;2;224;209;132;48;2;207;188;119m▄[38;2;223;209;141;48;2;205;186;121m▄[38;2;235;220;154;48;2;210;194;135m▄[38;2;193;177;118;48;2;135;120;70m▄[38;2;161;145;96;48;2;69;56;17m▄[38;2;128;114;84;48;2;70;61;55m▄[38;2;118;114;95;48;2;2;0;14m▄[38;2;3;2;1;48;2;4;7;1m▄[48;2;0;0;0m  [48;2;1;1;1m [m
[48;2;0;0;0m [38;2;0;0;0;48;2;1;1;1m▄[38;2;0;0;0;48;2;2;2;2m▄[48;2;0;0;0m [48;2;1;1;2m [38;2;72;65;27;48;2;71;63;30m▄[38;2;85;67;15;48;2;91;69;23m▄[38;2;227;210;138;48;2;225;205;139m▄[38;2;230;213;138;48;2;236;219;148m▄[38;2;229;217;137;48;2;239;225;155m▄[38;2;244;231;163;48;2;245;231;167m▄[38;2;245;230;174;48;2;246;230;168m▄[38;2;247;230;181;48;2;231;215;154m▄[38;2;245;229;179;48;2;224;209;143m▄[38;2;240;225;166;48;2;224;210;138m▄[38;2;244;231;161;48;2;230;222;147m▄[38;2;246;231;162;48;2;250;238;165m▄[38;2;246;232;168;48;2;237;221;153m▄[38;2;245;232;179;48;2;229;211;153m▄[38;2;98;85;41;48;2;94;80;35m▄[38;2;57;49;22;48;2;61;56;26m▄[38;2;9;9;5;48;2;10;10;5m▄[48;2;0;0;0m  [48;2;1;1;1m [m
[48;2;0;0;0m    [48;2;0;0;1m [38;2;67;58;27;48;2;74;64;29m▄[38;2;77;61;19;48;2;86;68;17m▄[38;2;204;187;127;48;2;227;209;141m▄[38;2;218;200;131;48;2;229;212;138m▄[38;2;220;208;122;48;2;226;214;130m▄[38;2;226;216;133;48;2;240;228;153m▄[38;2;226;214;153;48;2;245;230;173m▄[38;2;250;237;185;48;2;252;236;188m▄[38;2;249;235;184;48;2;252;236;190m▄[38;2;245;232;174;48;2;243;228;174m▄[38;2;247;234;162;48;2;245;232;168m▄[38;2;228;215;145;48;2;246;231;168m▄[38;2;237;227;168;48;2;247;234;179m▄[38;2;243;235;190;48;2;251;239;196m▄[38;2;98;89;53;48;2;99;85;49m▄[38;2;54;45;29;48;2;64;51;35m▄[38;2;2;2;1;48;2;9;7;9m▄[48;2;0;0;0m  [48;2;1;1;1m [m
[48;2;0;0;0m    [38;2;1;0;0;48;2;0;0;2m▄[38;2;3;3;5;48;2;88;83;56m▄[38;2;4;2;3;48;2;96;82;49m▄[38;2;56;46;7;48;2;190;173;123m▄[38;2;109;98;41;48;2;195;176;113m▄[38;2;191;179;107;48;2;233;221;137m▄[38;2;201;188;109;48;2;226;216;132m▄[38;2;198;186;110;48;2;221;210;145m▄[38;2;222;208;140;48;2;249;237;178m▄[38;2;216;201;136;48;2;252;240;181m▄[38;2;224;215;143;48;2;244;234;165m▄[38;2;198;191;107;48;2;243;231;158m▄[38;2;63;52;3;48;2;202;191;123m▄[38;2;57;38;9;48;2;223;214;159m▄[38;2;63;50;14;48;2;230;225;184m▄[38;2;65;61;48;48;2;105;99;68m▄[38;2;0;2;0;48;2;75;70;58m▄[38;2;3;3;1;48;2;2;4;2m▄[48;2;0;0;0m  [48;2;1;1;1m [m
[48;2;0;0;0m    [38;2;2;1;1;48;2;4;3;1m▄[38;2;1;0;0;48;2;3;3;5m▄[38;2;0;2;1;48;2;1;1;2m▄[38;2;5;3;4;48;2;95;89;63m▄[38;2;111;106;84;48;2;119;110;67m▄[38;2;75;63;11;48;2;176;165;103m▄[38;2;144;133;72;48;2;188;174;110m▄[38;2;224;204;149;48;2;205;190;123m▄[38;2;246;227;163;48;2;222;207;138m▄[38;2;236;218;155;48;2;228;212;143m▄[38;2;68;51;1;48;2;188;177;106m▄[38;2;80;75;30;48;2;159;149;85m▄[38;2;0;3;0;48;2;88;82;47m▄[38;2;3;6;0;48;2;104;95;75m▄[38;2;1;0;0;48;2;90;82;64m▄[38;2;0;0;0;48;2;66;63;59m▄[38;2;7;6;8;48;2;7;7;10m▄[38;2;1;0;0;48;2;8;7;6m▄[48;2;0;0;0m  [48;2;1;1;1m [m
[48;2;0;0;0m    [38;2;0;0;0;48;2;2;0;1m▄[38;2;0;0;0;48;2;1;1;2m▄[38;2;0;0;0;48;2;0;1;0m▄[38;2;2;2;5;48;2;0;2;1m▄[38;2;0;0;0;48;2;43;42;24m▄[38;2;9;10;5;48;2;114;105;66m▄[38;2;131;118;78;48;2;147;134;93m▄[38;2;65;45;8;48;2;141;120;73m▄[38;2;232;213;166;48;2;243;222;164m▄[38;2;243;219;174;48;2;245;224;170m▄[38;2;73;48;17;48;2;70;49;9m▄[38;2;94;84;56;48;2;83;73;35m▄[38;2;0;1;0;48;2;2;4;0m▄[38;2;0;0;1;48;2;3;2;0m▄[38;2;1;2;0;48;2;1;0;1m▄[38;2;0;0;0;48;2;0;1;0m▄[38;2;0;0;0;48;2;2;0;1m▄[38;2;0;0;0;48;2;3;1;2m▄[48;2;0;0;0m  [38;2;0;0;0;48;2;1;1;1m▄[m
[38;2;3;3;3;48;2;1;1;1m▄▄▄▄▄▄▄[38;2;5;5;5;48;2;1;0;4m▄[38;2;114;107;106;48;2;32;26;21m▄[38;2;60;57;27;48;2;100;100;70m▄[38;2;149;144;92;48;2;151;141;90m▄[38;2;203;194;132;48;2;164;150;92m▄[38;2;223;212;153;48;2;227;211;152m▄[38;2;215;204;151;48;2;217;201;145m▄[38;2;64;57;10;48;2;69;53;5m▄[38;2;82;82;34;48;2;85;82;41m▄[38;2;5;6;3;48;2;0;1;0m▄[38;2;6;4;5;48;2;1;0;2m▄[38;2;4;5;2;48;2;1;2;1m▄[38;2;3;3;3;48;2;1;1;1m▄▄▄▄▄[38;2;4;4;4;48;2;1;1;1m▄[m
