[48;2;115;0;0m[38;2;255;210;166m▄[48;2;180;4;0m[38;2;115;0;0m▄[48;2;176;4;0m[38;2;152;3;0m▄[48;2;115;0;0m[38;2;115;0;0m▄▄▄[48;2;117;0;0m[38;2;255;55;0m▄[48;2;115;0;0m[38;2;127;1;0m▄[48;2;120;0;0m[38;2;190;18;0m▄[48;2;255;164;108m[38;2;115;0;0m▄[48;2;190;91;51m▄[48;2;115;0;0m▄▄▄▄▄[48;2;130;9;0m[38;2;255;60;2m▄[48;2;255;219;175m[38;2;247;15;0m▄[48;2;147;2;0m[38;2;255;188;136m▄[48;2;115;0;0m[38;2;255;55;0m▄[38;2;184;6;0m▄[38;2;255;26;0m▄[48;2;122;0;0m[38;2;255;160;103m▄[48;2;255;177;135m[38;2;255;86;30m▄[48;2;115;0;0m[38;2;180;4;0m▄[38;2;115;0;0m▄[48;2;151;1;0m▄[48;2;243;14;0m▄[48;2;117;0;0m[38;2;0;9;64m▄[48;2;104;0;0m[38;2;0;116;208m▄[48;2;105;1;0m[38;2;0;226;255m▄[48;2;0;40;108m▄[48;2;0;108;194m[38;2;0;164;255m▄[48;2;0;226;255m[38;2;0;96;182m▄[48;2;0;220;255m[38;2;0;72;150m▄[48;2;0;156;255m[38;2;0;164;255m▄[48;2;0;46;117m[38;2;0;226;255m▄[48;2;0;16;74m[38;2;0;164;255m▄[48;2;105;1;0m▄[48;2;114;0;0m[38;2;0;25;87m▄[0m
[48;2;255;193;144m[38;2;117;0;0m▄[48;2;255;192;142m[38;2;255;55;0m▄[48;2;223;111;70m[38;2;255;194;146m▄[48;2;212;79;31m[38;2;255;223;181m▄[48;2;115;0;0m▄[48;2;124;0;0m[38;2;255;202;157m▄[48;2;212;79;31m[38;2;184;6;0m▄[48;2;255;133;72m[38;2;115;0;0m▄[48;2;255;130;80m[38;2;255;51;0m▄[48;2;115;0;0m[38;2;115;0;0m▄▄▄▄▄[38;2;255;160;103m▄[48;2;238;49;0m[38;2;207;22;0m▄[48;2;243;51;0m[38;2;184;6;0m▄[48;2;255;192;142m[38;2;255;55;0m▄[48;2;255;82;36m[38;2;238;73;24m▄[48;2;255;223;181m[38;2;184;6;0m▄[48;2;247;84;31m▄[48;2;255;85;33m▄[48;2;255;223;181m[38;2;255;160;103m▄[48;2;255;78;28m[38;2;255;22;0m▄[48;2;255;87;38m[38;2;247;15;0m▄[48;2;212;79;31m[38;2;255;55;0m▄[48;2;150;2;0m[38;2;255;78;28m▄[48;2;42;3;13m[38;2;0;9;64m▄[48;2;0;130;224m[38;2;249;216;255m▄[48;2;106;163;230m[38;2;255;255;255m▄[48;2;0;130;224m[38;2;206;162;248m▄[38;2;0;25;87m▄[48;2;0;85;164m[38;2;0;166;255m▄[48;2;0;130;224m[38;2;255;255;255m▄[48;2;0;212;255m[38;2;0;164;255m▄[48;2;0;195;255m▄[48;2;0;164;255m[38;2;0;96;182m▄[48;2;0;144;241m[38;2;0;36;102m▄[48;2;0;52;123m[38;2;0;96;182m▄[48;2;0;64;141m▄[0m
[48;2;115;0;0m[38;2;114;0;0m▄[38;2;0;25;80m▄[48;2;0;7;51m[38;2;0;202;255m▄[38;2;0;168;255m▄[38;2;0;42;112m▄[48;2;115;0;0m[38;2;0;9;67m▄[38;2;0;14;72m▄[38;2;0;19;76m▄[38;2;0;12;64m▄[38;2;132;1;0m▄[38;2;175;6;0m▄[48;2;139;1;0m[38;2;181;4;0m▄[48;2;175;4;0m[38;2;171;6;0m▄[48;2;255;73;18m[38;2;255;109;62m▄[48;2;192;6;0m[38;2;229;14;0m▄[48;2;234;13;0m[38;2;255;21;0m▄[48;2;244;14;0m[38;2;255;51;0m▄[48;2;255;49;0m[38;2;255;55;0m▄[48;2;255;104;62m[38;2;255;106;64m▄[48;2;64;28;73m[38;2;0;8;58m▄[48;2;6;9;54m[38;2;240;206;255m▄[38;2;237;200;255m▄[48;2;254;33;0m[38;2;109;80;157m▄[48;2;255;86;30m[38;2;195;19;0m▄[48;2;255;54;0m[38;2;39;30;86m▄[48;2;247;15;0m[38;2;255;51;0m▄[48;2;250;24;0m[38;2;255;21;0m▄[48;2;255;141;85m[38;2;247;15;0m▄[48;2;255;255;255m[38;2;236;204;255m▄[48;2;255;235;255m[38;2;243;220;255m▄[48;2;106;75;154m[38;2;43;31;86m▄[48;2;176;158;218m[38;2;225;217;242m▄[48;2;255;255;255m[38;2;255;255;255m▄[48;2;164;129;206m[38;2;97;68;145m▄[48;2;19;92;176m[38;2;1;19;74m▄[48;2;0;28;90m[38;2;0;9;64m▄[48;2;0;85;168m[38;2;0;163;255m▄[48;2;0;164;255m[38;2;0;231;255m▄[48;2;0;210;255m[38;2;0;153;255m▄[48;2;0;33;99m[38;2;0;10;66m▄[0m
[48;2;0;25;79m[38;2;1;240;255m▄[48;2;45;255;255m[38;2;85;194;255m▄[48;2;0;192;255m[38;2;117;91;158m▄[48;2;0;164;255m[38;2;1;63;135m▄[38;2;0;67;146m▄[48;2;0;28;94m[38;2;0;48;118m▄[48;2;0;164;255m[38;2;0;24;87m▄[48;2;0;108;199m[38;2;0;94;178m▄[48;2;0;39;109m[38;2;0;100;187m▄▄[48;2;0;22;84m[38;2;0;73;153m▄[48;2;0;9;64m[38;2;0;52;123m▄[38;2;228;188;255m▄[48;2;79;58;122m[38;2;165;140;211m▄[48;2;152;117;198m[38;2;87;85;156m▄[38;2;230;198;255m▄[48;2;97;68;145m[38;2;225;187;255m▄[48;2;0;9;64m[38;2;152;116;198m▄[48;2;255;100;43m[38;2;91;36;62m▄[48;2;255;55;0m[38;2;255;160;103m▄[48;2;247;15;0m[38;2;255;108;50m▄[48;2;57;72;129m[38;2;241;42;3m▄[48;2;255;255;255m[38;2;148;124;182m▄[48;2;170;135;212m[38;2;255;244;255m▄[48;2;48;33;88m[38;2;142;110;189m▄[48;2;206;162;248m[38;2;99;74;144m▄[48;2;157;34;26m[38;2;147;130;201m▄[48;2;255;55;0m[38;2;136;31;31m▄[48;2;0;9;64m[38;2;255;108;50m▄[48;2;218;183;250m[38;2;121;48;69m▄[48;2;0;9;64m[38;2;8;20;75m▄[48;2;198;176;236m[38;2;108;16;10m▄[48;2;255;252;255m[38;2;118;130;169m▄[48;2;184;6;0m[38;2;255;87;37m▄[48;2;63;7;19m[38;2;116;73;106m▄[48;2;249;216;255m[38;2;255;241;255m▄[48;2;206;162;248m[38;2;126;93;172m▄[48;2;94;92;169m[38;2;14;33;99m▄[48;2;0;9;64m[38;2;0;24;87m▄[48;2;0;14;72m[38;2;0;9;64m▄[0m
[48;2;0;46;117m[38;2;0;150;252m▄[48;2;249;216;255m[38;2;67;48;108m▄[48;2;240;207;255m[38;2;255;255;255m▄[48;2;48;33;88m[38;2;100;72;148m▄[48;2;0;39;109m[38;2;0;12;69m▄[48;2;0;116;208m[38;2;0;81;164m▄[48;2;0;164;255m[38;2;0;171;255m▄[48;2;0;14;72m[38;2;88;84;162m▄[48;2;0;92;176m[38;2;0;81;162m▄[48;2;0;39;109m[38;2;0;164;255m▄[38;2;0;150;252m▄[48;2;0;96;182m[38;2;0;87;172m▄[48;2;0;9;64m[38;2;0;39;109m▄[48;2;249;216;255m[38;2;45;58;122m▄[48;2;206;162;248m[38;2;255;255;255m▄[48;2;0;9;64m[38;2;150;123;198m▄[48;2;250;218;255m[38;2;0;10;66m▄[48;2;249;216;255m[38;2;214;174;250m▄[48;2;146;110;190m[38;2;255;228;255m▄[48;2;0;9;64m[38;2;144;111;190m▄[48;2;255;223;181m[38;2;12;27;69m▄[48;2;255;202;157m[38;2;10;43;91m▄[48;2;0;9;64m[38;2;0;202;255m▄[48;2;255;255;255m[38;2;0;207;255m▄[48;2;240;206;255m[38;2;0;25;86m▄[48;2;0;9;64m[38;2;92;66;140m▄[48;2;230;192;255m[38;2;148;151;189m▄[48;2;48;33;88m[38;2;152;117;198m▄[48;2;255;55;0m[38;2;255;98;34m▄[38;2;255;85;22m▄[38;2;255;55;0m▄[48;2;255;74;16m[38;2;255;66;8m▄[48;2;249;27;0m[38;2;255;158;110m▄[48;2;247;15;0m[38;2;0;144;241m▄[48;2;146;154;187m[38;2;0;22;78m▄[48;2;249;216;255m[38;2;0;144;241m▄[48;2;0;9;64m[38;2;0;20;79m▄[48;2;0;28;94m[38;2;0;9;64m▄[48;2;0;9;64m▄▄[0m
[48;2;0;162;255m[38;2;255;255;255m▄[48;2;0;12;69m[38;2;152;117;198m▄[48;2;255;237;255m[38;2;0;9;64m▄[48;2;154;120;200m[38;2;249;216;255m▄[48;2;0;9;64m[38;2;115;0;0m▄[48;2;0;33;94m[38;2;117;6;0m▄[48;2;0;163;255m[38;2;249;216;255m▄[48;2;170;135;212m[38;2;85;66;123m▄[48;2;0;36;103m[38;2;249;18;0m▄[48;2;0;8;58m[38;2;255;55;0m▄[48;2;0;158;255m[38;2;91;27;49m▄[48;2;0;164;255m[38;2;0;164;255m▄[48;2;0;96;182m[38;2;0;96;182m▄[48;2;0;32;97m[38;2;0;78;158m▄[48;2;246;212;255m[38;2;0;9;64m▄[48;2;222;183;255m[38;2;255;255;255m▄[48;2;94;69;146m[38;2;148;114;194m▄[48;2;43;31;86m[38;2;48;33;88m▄[48;2;237;208;255m[38;2;0;58;130m▄[48;2;195;153;237m[38;2;45;255;255m▄[48;2;43;32;90m▄[48;2;0;103;181m[38;2;8;152;222m▄[48;2;123;255;255m[38;2;0;226;255m▄[48;2;0;168;255m[38;2;0;25;87m▄[48;2;0;14;72m[38;2;0;100;187m▄[48;2;92;67;141m[38;2;0;164;255m▄[48;2;135;145;178m[38;2;0;63;140m▄[48;2;92;67;141m[38;2;0;164;255m▄[48;2;255;51;0m[38;2;0;39;109m▄[48;2;255;102;38m[38;2;0;9;64m▄[48;2;255;51;0m▄[48;2;28;39;86m[38;2;0;134;228m▄[48;2;0;28;90m[38;2;39;255;255m▄[48;2;120;255;255m[38;2;0;96;182m▄[48;2;0;186;255m[38;2;0;46;116m▄[48;2;0;91;175m[38;2;0;9;64m▄[48;2;0;9;64m▄▄▄▄[0m
[48;2;136;146;180m[38;2;255;151;99m▄[48;2;228;188;255m[38;2;255;255;255m▄[48;2;79;45;79m[38;2;135;112;170m▄[48;2;76;7;13m[38;2;115;0;0m▄[48;2;243;115;70m[38;2;247;15;0m▄[48;2;68;33;60m[38;2;24;25;81m▄[48;2;228;188;255m[38;2;0;9;64m▄[48;2;100;21;38m[38;2;255;46;0m▄[48;2;255;111;54m[38;2;255;57;0m▄[48;2;255;164;110m[38;2;255;55;0m▄[48;2;116;39;44m[38;2;0;39;109m▄[48;2;0;130;224m[38;2;0;9;64m▄[48;2;0;86;165m▄[48;2;0;43;111m▄[48;2;0;9;64m▄[48;2;255;247;255m[38;2;48;33;88m▄[48;2;147;112;193m[38;2;52;48;100m▄[48;2;88;156;198m[38;2;219;255;255m▄[48;2;175;255;255m[38;2;0;192;255m▄[48;2;91;255;255m[38;2;0;39;109m▄[48;2;0;162;252m[38;2;0;9;64m▄[48;2;0;111;190m▄[48;2;0;130;224m▄[48;2;0;12;67m[38;2;0;80;160m▄[48;2;0;25;88m[38;2;0;164;255m▄[48;2;0;86;165m[38;2;0;96;182m▄[48;2;0;144;243m[38;2;0;96;178m▄[48;2;0;67;146m[38;2;0;164;255m▄[48;2;0;130;224m[38;2;0;226;255m▄[48;2;0;34;102m[38;2;0;69;146m▄[48;2;0;86;165m[38;2;0;226;255m▄[48;2;0;158;226m[38;2;0;232;255m▄[48;2;0;66;144m[38;2;0;158;255m▄[48;2;0;52;123m[38;2;0;9;64m▄[48;2;0;16;76m[38;2;157;34;26m▄[48;2;109;12;19m[38;2;255;55;0m▄[38;2;255;26;0m▄[48;2;43;12;36m[38;2;247;15;0m▄[48;2;0;9;64m[38;2;184;6;0m▄[38;2;0;9;64m▄[0m
[48;2;255;211;169m[38;2;240;13;0m▄[48;2;157;6;0m[38;2;190;14;0m▄[48;2;6;37;91m[38;2;190;18;0m▄[48;2;38;28;85m[38;2;188;6;0m▄[48;2;184;6;0m[38;2;216;10;0m▄[48;2;247;15;0m[38;2;255;86;43m▄[48;2;255;141;86m[38;2;255;100;37m▄[48;2;255;81;26m[38;2;31;45;91m▄[48;2;9;57;112m[38;2;0;175;255m▄[48;2;33;238;255m[38;2;135;255;255m▄[48;2;115;255;255m[38;2;219;255;255m▄[48;2;118;255;255m▄[48;2;32;247;255m[38;2;135;255;255m▄[48;2;0;189;255m[38;2;104;255;255m▄[48;2;0;40;96m[38;2;0;169;255m▄[48;2;37;254;255m[38;2;25;210;255m▄[48;2;129;255;255m[38;2;118;255;255m▄[48;2;0;171;255m[38;2;0;92;176m▄[48;2;0;72;150m[38;2;0;18;72m▄[48;2;0;104;193m[38;2;0;9;64m▄[48;2;175;142;225m[38;2;250;218;255m▄[48;2;0;150;250m[38;2;129;182;255m▄[48;2;0;154;255m[38;2;0;230;255m▄[48;2;0;45;116m[38;2;0;184;255m▄[48;2;0;176;255m[38;2;0;50;121m▄[48;2;36;254;255m[38;2;39;255;255m▄[48;2;0;87;170m[38;2;0;156;246m▄[48;2;0;104;193m[38;2;0;10;66m▄[48;2;0;171;255m[38;2;0;164;255m▄[48;2;0;123;214m[38;2;0;141;238m▄[48;2;0;55;127m[38;2;0;14;72m▄[48;2;0;105;194m[38;2;0;9;64m▄[48;2;0;92;178m▄[48;2;0;9;64m▄[48;2;0;8;58m▄[48;2;254;20;0m[38;2;0;37;105m▄[48;2;255;55;0m[38;2;255;212;169m▄[48;2;255;54;8m[38;2;255;220;176m▄[48;2;253;40;0m[38;2;184;6;0m▄[48;2;0;7;45m[38;2;120;0;0m▄[0m
[48;2;249;27;0m[38;2;242;79;26m▄[48;2;247;15;0m[38;2;184;6;0m▄[48;2;219;10;0m[38;2;208;9;0m▄[48;2;255;160;103m[38;2;247;15;0m▄[48;2;255;223;181m[38;2;255;20;0m▄[48;2;255;127;69m[38;2;255;55;0m▄[48;2;255;55;0m[38;2;255;79;19m▄[48;2;0;139;237m[38;2;0;205;255m▄[48;2;135;255;255m[38;2;217;255;255m▄[48;2;219;255;255m[38;2;132;255;255m▄[38;2;64;255;255m▄[38;2;45;255;255m▄[48;2;129;255;255m[38;2;87;255;255m▄[38;2;73;255;255m▄[48;2;45;255;255m[38;2;45;255;255m▄[48;2;0;232;255m▄[48;2;0;100;187m[38;2;43;255;255m▄[48;2;0;164;255m[38;2;0;162;252m▄[48;2;0;72;150m[38;2;0;114;204m▄[48;2;0;226;255m[38;2;6;129;206m▄[48;2;249;216;255m[38;2;57;172;255m▄[48;2;118;160;234m[38;2;0;184;255m▄[48;2;45;255;255m[38;2;0;195;255m▄[48;2;0;120;208m[38;2;0;135;234m▄[48;2;0;42;112m[38;2;0;123;216m▄[48;2;0;164;255m[38;2;0;130;224m▄[48;2;0;192;255m[38;2;0;144;243m▄[48;2;0;96;182m[38;2;0;96;182m▄[38;2;0;130;224m▄[38;2;0;164;255m▄▄[38;2;0;132;229m▄[48;2;0;37;105m[38;2;0;108;200m▄[48;2;0;9;64m[38;2;0;67;146m▄[38;2;0;9;64m▄▄[48;2;255;55;0m[38;2;108;27;40m▄[48;2;255;42;0m[38;2;255;109;56m▄[48;2;184;6;0m[38;2;255;87;37m▄[48;2;127;1;0m[38;2;248;108;64m▄[0m
[48;2;184;6;0m[38;2;184;6;0m▄▄[48;2;232;12;0m[38;2;247;15;0m▄[48;2;247;15;0m▄[48;2;255;55;0m[38;2;255;55;0m▄[38;2;255;86;26m▄[48;2;255;104;40m[38;2;255;208;162m▄[48;2;31;217;255m[38;2;31;217;255m▄[48;2;123;255;255m[38;2;45;255;255m▄[48;2;45;255;255m[38;2;0;230;255m▄[38;2;0;135;231m▄[48;2;0;226;255m[38;2;0;55;127m▄[48;2;0;164;255m▄[48;2;0;172;255m[38;2;0;69;148m▄[48;2;0;226;255m[38;2;0;164;255m▄[48;2;45;255;255m[38;2;0;166;255m▄[48;2;39;255;255m[38;2;0;171;255m▄[48;2;0;226;255m▄[48;2;0;152;244m[38;2;0;104;190m▄[48;2;0;39;109m[38;2;33;49;110m▄[38;2;0;164;255m▄[48;2;0;116;208m[38;2;0;220;255m▄[48;2;0;226;255m[38;2;118;255;255m▄[48;2;0;181;255m[38;2;67;255;255m▄[48;2;0;158;255m[38;2;0;164;255m▄[48;2;0;9;64m[38;2;0;9;64m▄[48;2;0;96;182m[38;2;0;27;91m▄[48;2;0;9;64m[38;2;0;96;182m▄[48;2;0;164;255m[38;2;0;98;187m▄[38;2;0;168;254m▄[48;2;0;226;255m[38;2;0;232;255m▄[38;2;0;171;255m▄[48;2;0;164;255m[38;2;0;164;255m▄[48;2;0;122;223m▄[48;2;0;46;116m[38;2;0;120;214m▄[48;2;0;9;64m[38;2;0;9;64m▄▄[48;2;255;42;0m[38;2;255;42;0m▄[48;2;247;15;0m[38;2;188;6;0m▄[48;2;184;6;0m[38;2;130;0;0m▄[0m
[48;2;184;6;0m[38;2;184;6;0m▄[48;2;186;6;0m[38;2;247;15;0m▄[48;2;247;15;0m▄▄[48;2;255;219;175m[38;2;255;104;40m▄[48;2;255;198;147m[38;2;255;122;61m▄[48;2;255;104;40m[38;2;255;223;181m▄[48;2;0;184;255m[38;2;32;73;121m▄[48;2;36;254;255m[38;2;0;156;255m▄[48;2;0;156;255m[38;2;152;117;198m▄[48;2;51;61;136m[38;2;255;237;255m▄[48;2;210;168;248m[38;2;206;162;248m▄[48;2;154;120;200m[38;2;249;216;255m▄[48;2;63;56;124m[38;2;157;133;190m▄[48;2;0;43;114m[38;2;206;162;248m▄[48;2;0;144;241m[38;2;0;38;105m▄[48;2;0;158;255m[38;2;0;9;64m▄▄[48;2;8;57;127m[38;2;72;82;158m▄[48;2;208;164;248m[38;2;100;72;148m▄[48;2;0;154;255m[38;2;152;117;198m▄[48;2;0;223;255m[38;2;15;73;144m▄[48;2;213;255;255m[38;2;129;255;255m▄[48;2;60;255;255m[38;2;0;232;255m▄[48;2;0;163;255m[38;2;0;156;255m▄[48;2;0;9;64m[38;2;0;9;64m▄[48;2;0;60;134m[38;2;0;72;150m▄[48;2;0;96;182m[38;2;0;96;182m▄[48;2;0;92;176m▄[48;2;0;97;186m[38;2;0;183;255m▄[48;2;0;153;255m[38;2;0;226;255m▄[38;2;0;108;199m▄[48;2;0;156;255m[38;2;0;37;105m▄[48;2;0;120;219m[38;2;0;96;182m▄[48;2;0;96;182m[38;2;0;63;140m▄[48;2;0;9;64m[38;2;0;9;64m▄[48;2;0;10;66m[38;2;247;15;0m▄[48;2;255;42;0m[38;2;255;42;0m▄[48;2;184;6;0m[38;2;213;10;0m▄[48;2;129;0;0m[38;2;184;6;0m▄[0m
[48;2;184;6;0m[38;2;184;6;0m▄[48;2;247;15;0m[38;2;247;15;0m▄▄▄[48;2;255;139;88m[38;2;255;55;0m▄[48;2;255;164;110m[38;2;255;69;10m▄[48;2;255;160;103m[38;2;255;104;40m▄[48;2;255;138;79m[38;2;255;150;91m▄[48;2;128;54;54m[38;2;255;216;171m▄[48;2;228;188;255m[38;2;48;33;88m▄[48;2;234;205;254m[38;2;255;237;255m▄[48;2;148;124;182m[38;2;48;33;88m▄[48;2;150;34;132m[38;2;100;72;148m▄[48;2;200;22;136m[38;2;202;170;237m▄[48;2;249;216;255m[38;2;48;33;88m▄[48;2;111;82;157m[38;2;165;0;40m▄[48;2;177;55;124m[38;2;0;4;61m▄[48;2;187;56;126m[38;2;170;0;4m▄[48;2;146;21;86m▄[48;2;108;0;46m▄[48;2;255;241;255m[38;2;48;33;88m▄[48;2;164;141;193m[38;2;15;73;144m▄[48;2;45;255;255m[38;2;45;255;255m▄[48;2;0;177;255m[38;2;0;164;255m▄[48;2;0;122;213m[38;2;0;9;64m▄[48;2;0;9;64m▄[48;2;0;33;97m[38;2;0;58;130m▄[48;2;0;86;165m[38;2;45;255;255m▄[48;2;45;253;255m[38;2;219;255;255m▄[48;2;146;255;255m[38;2;192;255;255m▄[48;2;129;255;255m[38;2;45;255;255m▄[48;2;0;177;255m[38;2;0;120;208m▄[48;2;0;92;176m[38;2;0;39;109m▄[48;2;0;9;64m▄[48;2;0;34;100m[38;2;0;9;64m▄[48;2;0;9;64m▄[48;2;255;117;70m[38;2;247;15;0m▄[48;2;255;102;45m[38;2;255;108;54m▄[48;2;247;15;0m[38;2;255;223;181m▄[48;2;255;72;24m[38;2;255;43;0m▄[0m
[48;2;184;6;0m[38;2;184;6;0m▄[48;2;247;15;0m[38;2;244;14;0m▄[38;2;247;15;0m▄▄[48;2;255;55;0m[38;2;255;55;0m▄[48;2;255;56;0m[38;2;255;52;0m▄[48;2;255;104;40m[38;2;255;210;172m▄[48;2;255;198;150m[38;2;255;112;51m▄[48;2;255;201;156m[38;2;255;157;99m▄[48;2;255;104;40m[38;2;255;111;50m▄[48;2;126;64;72m[38;2;255;105;43m▄[48;2;38;28;85m[38;2;255;216;171m▄[48;2;48;33;88m[38;2;63;40;88m▄[48;2;255;248;255m[38;2;220;186;252m▄[48;2;186;145;228m[38;2;202;158;244m▄[48;2;13;7;74m[38;2;31;4;86m▄[48;2;220;0;6m[38;2;255;0;18m▄[48;2;255;0;18m[38;2;255;0;15m▄[48;2;255;0;16m[38;2;255;0;16m▄[48;2;216;0;6m[38;2;255;0;18m▄[48;2;244;207;255m[38;2;190;152;238m▄[48;2;0;105;172m[38;2;0;152;229m▄[48;2;0;230;255m[38;2;0;158;255m▄[48;2;0;26;88m[38;2;0;9;64m▄[48;2;0;9;64m▄▄[48;2;0;160;250m[38;2;0;199;255m▄[48;2;129;255;255m[38;2;219;255;255m▄[48;2;219;255;255m[38;2;213;255;255m▄[48;2;110;255;255m[38;2;43;255;255m▄[48;2;0;230;255m[38;2;0;158;255m▄[48;2;0;50;123m[38;2;0;90;174m▄[48;2;0;92;178m[38;2;0;228;255m▄[48;2;0;87;172m[38;2;0;100;187m▄[48;2;0;91;172m[38;2;0;96;178m▄[48;2;0;85;168m[38;2;0;164;255m▄[48;2;199;10;0m[38;2;0;9;64m▄[48;2;255;151;94m[38;2;255;148;106m▄[48;2;217;9;0m[38;2;184;6;0m▄[48;2;255;188;145m[38;2;255;186;142m▄[0m
[48;2;184;6;0m[38;2;184;6;0m▄▄[48;2;247;15;0m[38;2;247;15;0m▄▄[48;2;255;55;0m[38;2;255;55;0m▄[48;2;199;39;18m[38;2;199;39;18m▄[48;2;0;39;109m[38;2;0;39;109m▄[48;2;244;132;94m[38;2;104;30;40m▄[48;2;255;216;171m[38;2;255;80;21m▄[48;2;255;104;40m[38;2;255;104;40m▄[48;2;255;194;146m[38;2;255;120;57m▄[48;2;255;104;40m[38;2;255;223;181m▄[48;2;255;223;181m[38;2;255;133;72m▄[48;2;26;42;105m[38;2;52;51;114m▄[48;2;255;0;180m[38;2;255;0;180m▄[48;2;13;7;74m[38;2;219;0;16m▄[48;2;255;0;18m[38;2;255;0;15m▄[48;2;255;0;0m[38;2;255;0;0m▄[48;2;255;0;6m[38;2;255;0;6m▄[48;2;255;0;18m[38;2;200;165;236m▄[48;2;0;39;109m[38;2;0;162;252m▄[48;2;19;248;255m[38;2;15;217;255m▄[48;2;0;39;109m[38;2;0;9;64m▄[48;2;0;9;64m[38;2;0;18;75m▄[38;2;0;9;64m▄▄[48;2;0;199;255m[38;2;0;166;255m▄[48;2;219;255;255m[38;2;129;255;255m▄[48;2;129;255;255m[38;2;87;255;255m▄[48;2;13;229;255m[38;2;0;218;255m▄[48;2;0;96;182m[38;2;0;130;224m▄[48;2;0;214;255m[38;2;30;253;255m▄[48;2;39;255;255m[38;2;0;224;255m▄[48;2;0;164;255m[38;2;0;96;182m▄[48;2;0;96;178m[38;2;0;84;166m▄[48;2;0;164;255m[38;2;0;164;255m▄[48;2;0;39;109m[38;2;0;96;182m▄[48;2;36;7;32m[38;2;48;9;33m▄[48;2;247;15;0m[38;2;255;192;142m▄[48;2;255;223;181m[38;2;255;177;127m▄[0m
[48;2;184;6;0m[38;2;121;0;0m▄[38;2;184;6;0m▄[48;2;232;12;0m[38;2;219;10;0m▄[48;2;247;15;0m[38;2;247;15;0m▄[48;2;255;26;0m▄[48;2;255;42;0m[38;2;255;124;67m▄[48;2;0;9;64m[38;2;213;13;0m▄[48;2;0;14;72m[38;2;0;34;102m▄[48;2;249;18;0m[38;2;0;8;58m▄[48;2;255;104;40m[38;2;255;147;90m▄[48;2;255;135;75m[38;2;255;133;82m▄[48;2;255;160;103m[38;2;12;14;56m▄[48;2;0;9;64m[38;2;0;9;64m▄[48;2;116;85;162m[38;2;169;75;178m▄[48;2;255;57;219m[38;2;255;57;219m▄[48;2;225;0;26m[38;2;225;0;26m▄[48;2;255;0;15m[38;2;255;0;15m▄[48;2;255;0;0m[38;2;255;255;255m▄[48;2;208;39;118m[38;2;186;130;213m▄[48;2;249;216;255m[38;2;0;55;126m▄[48;2;45;255;255m[38;2;45;255;255m▄[48;2;0;186;255m[38;2;0;86;169m▄[48;2;0;9;64m[38;2;0;36;103m▄[48;2;0;108;199m[38;2;0;169;255m▄[48;2;0;9;64m[38;2;104;255;255m▄[38;2;0;219;255m▄[48;2;0;58;130m[38;2;0;115;205m▄[48;2;45;255;255m[38;2;0;46;117m▄[48;2;0;96;182m[38;2;0;226;255m▄[38;2;175;169;255m▄[38;2;0;171;255m▄[48;2;0;201;255m[38;2;0;156;255m▄[48;2;0;158;255m[38;2;0;84;166m▄[48;2;0;96;182m[38;2;0;12;69m▄[48;2;0;58;130m[38;2;0;10;68m▄[48;2;0;164;255m[38;2;0;96;182m▄[48;2;0;96;182m[38;2;0;12;69m▄[48;2;76;55;76m[38;2;42;16;39m▄[48;2;255;160;103m[38;2;115;0;0m▄[48;2;115;0;0m▄[0m
[48;2;117;0;0m[38;2;116;0;0m▄[48;2;184;6;0m[38;2;184;6;0m▄[48;2;200;8;0m▄[48;2;247;15;0m▄[38;2;247;15;0m▄[48;2;255;178;130m[38;2;255;26;0m▄[48;2;255;60;2m[38;2;255;223;181m▄[48;2;0;31;96m[38;2;32;16;51m▄[48;2;0;37;105m[38;2;0;39;109m▄[48;2;255;51;0m▄[48;2;255;57;0m[38;2;157;34;26m▄[48;2;0;9;64m[38;2;0;9;64m▄[38;2;0;96;182m▄[48;2;255;166;255m[38;2;43;78;152m▄[48;2;255;57;219m[38;2;152;117;198m▄[48;2;212;0;7m[38;2;170;135;212m▄[48;2;255;0;18m[38;2;246;212;255m▄[48;2;202;158;244m[38;2;0;39;109m▄[48;2;213;181;255m[38;2;0;170;255m▄[48;2;0;104;190m[38;2;0;39;109m▄[48;2;0;106;190m[38;2;45;255;255m▄[48;2;0;238;255m[38;2;0;207;255m▄[48;2;0;100;187m[38;2;0;96;182m▄[48;2;26;212;255m[38;2;0;85;168m▄[48;2;36;250;255m[38;2;208;164;248m▄[48;2;0;160;255m[38;2;152;117;198m▄[48;2;0;61;138m[38;2;69;49;114m▄[48;2;0;10;66m[38;2;0;9;64m▄[48;2;246;212;255m[38;2;48;33;88m▄[48;2;255;249;255m[38;2;255;231;255m▄[48;2;154;120;200m[38;2;249;216;255m▄[48;2;0;147;246m[38;2;0;44;115m▄[48;2;0;156;255m[38;2;0;100;187m▄[48;2;0;9;64m[38;2;0;39;109m▄[38;2;0;9;64m▄[48;2;0;37;105m▄[48;2;0;9;64m▄[48;2;14;4;32m[38;2;14;4;32m▄[48;2;115;0;0m[38;2;115;0;0m▄▄[0m
[48;2;115;0;0m[38;2;115;0;0m▄[48;2;164;2;0m▄[48;2;184;6;0m[38;2;184;6;0m▄▄[48;2;216;9;0m▄[48;2;213;37;8m[38;2;0;56;127m▄[48;2;109;12;19m[38;2;0;226;255m▄[48;2;112;15;20m[38;2;0;176;255m▄[48;2;99;13;22m[38;2;0;37;105m▄[48;2;0;39;109m[38;2;0;9;64m▄[48;2;0;30;96m[38;2;0;39;109m▄[48;2;0;9;64m▄[48;2;0;195;255m[38;2;0;164;255m▄[48;2;0;37;103m[38;2;0;56;130m▄[48;2;0;100;187m[38;2;0;164;255m▄[38;2;0;226;255m▄[48;2;0;134;218m[38;2;0;228;255m▄[48;2;0;195;255m[38;2;129;255;255m▄[48;2;51;255;255m[38;2;36;249;255m▄[48;2;0;24;87m[38;2;0;9;64m▄[48;2;255;241;255m[38;2;255;255;255m▄[48;2;156;121;198m[38;2;202;170;237m▄[48;2;73;52;117m[38;2;48;33;88m▄[48;2;13;32;93m[38;2;0;13;68m▄[48;2;210;168;248m[38;2;158;123;202m▄[48;2;228;188;255m[38;2;255;255;255m▄[48;2;111;80;157m[38;2;146;110;190m▄[48;2;0;9;64m[38;2;0;9;64m▄▄[48;2;164;134;201m[38;2;43;56;121m▄[48;2;255;255;255m[38;2;255;255;255m▄[48;2;9;32;93m[38;2;14;37;98m▄[48;2;0;32;97m[38;2;0;19;76m▄[48;2;0;109;201m[38;2;0;164;255m▄[48;2;0;9;64m[38;2;0;9;64m▄▄[38;2;115;0;0m▄[48;2;115;0;0m▄▄▄[0m
[48;2;115;0;0m[38;2;115;0;0m▄▄[48;2;120;0;0m▄[48;2;184;6;0m[38;2;0;9;66m▄[48;2;0;144;241m[38;2;0;163;255m▄[48;2;0;145;223m[38;2;49;177;255m▄[48;2;234;223;255m[38;2;250;218;255m▄[48;2;0;171;255m[38;2;151;116;196m▄[48;2;0;225;255m[38;2;0;156;255m▄[48;2;0;202;255m▄[48;2;0;144;241m[38;2;0;138;237m▄[38;2;0;96;182m▄[48;2;0;118;217m[38;2;0;42;112m▄[48;2;0;42;114m[38;2;0;28;94m▄[48;2;0;20;79m[38;2;0;39;109m▄[48;2;0;163;255m[38;2;0;10;66m▄[48;2;0;232;255m[38;2;0;39;110m▄[48;2;0;175;255m[38;2;0;91;175m▄[48;2;0;106;195m[38;2;0;60;132m▄[48;2;0;85;168m[38;2;0;18;67m▄[48;2;255;255;255m[38;2;236;204;255m▄[48;2;255;231;255m[38;2;255;252;255m▄[48;2;92;66;140m[38;2;103;74;151m▄[48;2;0;13;68m[38;2;160;10;0m▄[48;2;0;18;75m[38;2;0;8;58m▄[48;2;253;222;255m[38;2;189;151;236m▄[48;2;234;201;255m[38;2;255;237;255m▄[48;2;92;66;140m[38;2;154;120;200m▄[48;2;0;9;64m[38;2;0;9;64m▄[48;2;0;19;76m▄[48;2;253;222;255m[38;2;246;212;255m▄[48;2;0;20;81m[38;2;0;13;68m▄[48;2;0;19;76m[38;2;0;20;79m▄[48;2;0;164;255m[38;2;0;162;255m▄[48;2;0;9;64m[38;2;0;9;64m▄▄[48;2;115;0;0m[38;2;117;0;0m▄[38;2;224;57;8m▄[48;2;255;91;30m[38;2;255;150;94m▄[48;2;255;140;84m[38;2;126;0;0m▄[0m
[48;2;115;0;0m[38;2;115;0;0m▄▄[48;2;33;4;18m[38;2;33;4;18m▄[48;2;206;162;248m[38;2;249;216;255m▄[48;2;249;216;255m[38;2;255;255;255m▄[48;2;182;147;223m[38;2;139;106;183m▄[48;2;255;255;255m[38;2;255;255;255m▄[48;2;100;72;148m[38;2;79;55;122m▄[48;2;0;9;64m[38;2;0;9;64m▄▄[48;2;0;25;88m▄[48;2;0;96;182m▄[38;2;0;52;123m▄[38;2;0;75;156m▄[48;2;0;9;64m[38;2;0;96;182m▄[48;2;0;39;109m[38;2;0;24;87m▄[48;2;0;37;105m[38;2;0;39;109m▄[48;2;184;6;0m[38;2;0;24;87m▄[48;2;247;15;0m[38;2;96;9;15m▄[48;2;255;223;181m[38;2;216;9;0m▄[48;2;0;9;64m[38;2;184;6;0m▄[48;2;255;231;255m[38;2;87;39;62m▄[48;2;206;162;248m[38;2;228;188;255m▄[48;2;244;86;45m[38;2;112;27;45m▄[48;2;243;14;0m[38;2;255;87;37m▄[48;2;0;9;64m[38;2;184;6;0m▄[48;2;128;124;183m[38;2;0;9;64m▄[48;2;249;216;255m[38;2;87;85;156m▄[48;2;0;9;64m▄[38;2;0;9;64m▄▄[38;2;0;56;129m▄[48;2;0;100;187m[38;2;0;157;255m▄[48;2;0;39;109m[38;2;0;9;64m▄[48;2;0;9;64m▄[38;2;115;0;0m▄[48;2;255;160;103m▄[48;2;115;0;0m▄▄▄[0m
[48;2;115;0;0m[38;2;115;0;0m▄▄[48;2;33;4;18m▄[48;2;206;162;248m[38;2;96;0;0m▄[48;2;249;216;255m[38;2;106;2;0m▄[48;2;116;85;162m[38;2;46;18;49m▄[48;2;249;216;255m[38;2;0;28;87m▄[48;2;3;28;88m[38;2;4;30;90m▄[48;2;115;0;0m[38;2;115;0;0m▄▄[48;2;33;4;18m▄[48;2;0;9;64m▄▄[38;2;56;2;2m▄[48;2;0;39;109m[38;2;0;9;64m▄[48;2;0;14;72m[38;2;162;126;204m▄[48;2;0;42;112m[38;2;0;14;72m▄[48;2;0;122;223m[38;2;0;46;117m▄[48;2;0;63;140m[38;2;0;79;162m▄[48;2;0;9;64m[38;2;0;127;229m▄[38;2;0;164;255m▄▄▄▄[38;2;0;163;255m▄[48;2;0;39;109m[38;2;0;154;255m▄[48;2;0;96;182m▄[38;2;0;158;255m▄[48;2;0;9;64m[38;2;0;98;187m▄[38;2;0;78;158m▄[38;2;0;36;103m▄[48;2;33;33;91m[38;2;0;16;74m▄[48;2;144;111;190m[38;2;58;44;99m▄[48;2;0;9;64m[38;2;0;9;64m▄[48;2;50;2;7m[38;2;140;2;0m▄[48;2;115;0;0m[38;2;115;0;0m▄▄▄▄▄[0m
